Namespace(backbone='resnet50', batch_size=32, config='plabe_Coor_ATT/plabel_coor_att.yaml', data_dir='/DB/rhome/yuhaowang/CV_DA/OfficeHomeDataset_10072016', device=device(type='cuda'), early_stop=20, epoch_based_training=False, is_balance=False, lr=0.001, lr_decay=0.75, lr_gamma=0.0003, lr_scheduler=True, momentum=0.9, n_epoch=200, n_iter_per_epoch=300, num_workers=3, seed=1, src_domain='Clipart', tgt_domain='Real_World', transfer_loss='bnm', transfer_loss_weight=1.0, use_bottleneck=True, weight_decay=0.0005)
balance para is : False
batch_num is  136
Epoch: [ 1/200], cls_loss: 3.4794, transfer_loss: -0.0895, total_Loss: 3.3898, test_loss 2.922409, test_acc: 35.8733
Epoch: [ 2/200], cls_loss: 2.4308, transfer_loss: -0.2009, total_Loss: 2.2298, test_loss 2.353564, test_acc: 46.6146
Epoch: [ 3/200], cls_loss: 1.9244, transfer_loss: -0.2906, total_Loss: 1.6338, test_loss 2.011081, test_acc: 53.9591
Epoch: [ 4/200], cls_loss: 1.5655, transfer_loss: -0.3739, total_Loss: 1.1916, test_loss 1.753573, test_acc: 58.1822
Epoch: [ 5/200], cls_loss: 1.3099, transfer_loss: -0.4349, total_Loss: 0.8750, test_loss 1.604228, test_acc: 59.8806
Epoch: [ 6/200], cls_loss: 1.1161, transfer_loss: -0.4841, total_Loss: 0.6319, test_loss 1.475807, test_acc: 62.4053
Epoch: [ 7/200], cls_loss: 0.9787, transfer_loss: -0.5214, total_Loss: 0.4573, test_loss 1.399916, test_acc: 63.8054
Epoch: [ 8/200], cls_loss: 0.8471, transfer_loss: -0.5488, total_Loss: 0.2983, test_loss 1.356558, test_acc: 64.4251
Epoch: [ 9/200], cls_loss: 0.7705, transfer_loss: -0.5753, total_Loss: 0.1952, test_loss 1.265230, test_acc: 66.1235
tensor([35.,  1., 20.,  4., 12., 58., 53.,  3., 46., 50., 20., 31.,  3., 45.,
        53.,  6., 23., 41., 55., 51., 39., 40., 58., 17., 17., 60., 48., 11.,
        49., 20., 22., 38.])
0.5981158088235294
Accuracy = 66.73% -> 71.60%

[35  1 20  4 12 34 53 48 46 50 20 31  3 45 53  6 23 22  5 42 39 40 47 43
 33 60 48 11 49 43 22 44]
Epoch: [10/200], cls_loss: 0.6992, transfer_loss: -0.3682, total_Loss: 0.4685, test_loss 1.266760, test_acc: 66.9956
Epoch: [11/200], cls_loss: 0.6627, transfer_loss: -0.6145, total_Loss: 0.0482, test_loss 1.247358, test_acc: 66.6514
tensor([23., 51.,  8.,  4., 48., 31., 29., 54., 40., 24., 30., 53., 27., 57.,
         9., 19., 55., 13.,  8., 37., 62., 51., 44.,  3., 57., 26., 60.,  3.,
        41., 21.,  1., 25.])
0.5611213235294118
Accuracy = 67.65% -> 71.92%

[23 51  8  4 48 44 29 54 40 57 30 53 27 24 46 19  5 13  8 37 62 51 44  3
 57 26 60  3 22 62  1 21]
Epoch: [12/200], cls_loss: 0.6028, transfer_loss: -0.3547, total_Loss: 0.3971, test_loss 1.235585, test_acc: 67.6612
Epoch: [13/200], cls_loss: 0.5791, transfer_loss: -0.6391, total_Loss: -0.0600, test_loss 1.191132, test_acc: 68.3727
tensor([13.,  1., 43., 59.,  9.,  1., 50.,  3., 32., 15.,  7., 12., 61., 43.,
        29., 49., 31., 24.,  3., 22.,  1.,  4., 13., 35.,  5., 37., 14., 56.,
        48., 17., 37., 17.])
0.5278033088235294
Accuracy = 68.68% -> 72.36%

[10  1 43 59  9  1 50  3 32 15  7 29 40 49 29 49 31 24 13 22  1  4 13 62
  5 37 14  2 48 33 40 43]
Epoch: [14/200], cls_loss: 0.5147, transfer_loss: -0.3281, total_Loss: 0.3455, test_loss 1.190391, test_acc: 68.9006
Epoch: [15/200], cls_loss: 0.5011, transfer_loss: -0.6612, total_Loss: -0.1601, test_loss 1.161379, test_acc: 69.4056
tensor([24., 54., 29., 54., 47., 58., 21., 13., 35., 47., 62., 31., 29., 40.,
        11.,  1., 47., 52., 23., 10., 41., 26.,  1.,  7.,  7., 38., 64., 38.,
        55., 53., 30., 29.])
0.5114889705882353
Accuracy = 69.92% -> 73.76%

[24 54 29 21 56 58 54 13 35 47 62  6 29 40 38  1 47 40 23 10 24 26  1  7
  7  8 64 44 55 53 30 29]
Epoch: [16/200], cls_loss: 0.4595, transfer_loss: -0.3296, total_Loss: 0.3096, test_loss 1.153360, test_acc: 69.7498
Epoch: [17/200], cls_loss: 0.4339, transfer_loss: -0.6754, total_Loss: -0.2415, test_loss 1.153972, test_acc: 70.0712
tensor([ 8., 10., 36., 31., 24., 44., 30., 31., 60., 42., 47., 21., 62., 54.,
         1., 13., 42.,  4., 12., 16., 64., 58., 22., 46., 11., 27., 24., 16.,
        64., 37., 35., 38.])
0.49862132352941174
Accuracy = 70.43% -> 73.85%

[38 10 36  3 24 44 30 31  7 42 47 21 62 54  1 13 42  4 20 61 64 52 22 46
 17 27 61 16 64 37 35 17]
Epoch: [18/200], cls_loss: 0.4040, transfer_loss: -0.3132, total_Loss: 0.2657, test_loss 1.141170, test_acc: 70.8286
Epoch: [19/200], cls_loss: 0.3992, transfer_loss: -0.6880, total_Loss: -0.2887, test_loss 1.137952, test_acc: 70.3466
tensor([15., 17., 14., 48., 13., 24., 26., 21., 43.,  8., 10., 60.,  4., 17.,
        50., 36., 22., 23., 61., 11., 18., 32., 13., 14.,  6., 59., 28., 54.,
         4.,  0., 15., 60.])
0.4898897058823529
Accuracy = 70.70% -> 73.60%

[15 33 14 52  3 57 26 21 38  8 10 31  4 11 50 36 22 23  2 53 48 32 59 14
  6 59 28 54  4 17 31 60]
Epoch: [20/200], cls_loss: 0.3767, transfer_loss: -0.2990, total_Loss: 0.2499, test_loss 1.127142, test_acc: 71.0810
Transfer result: 71.0810
Epoch: [21/200], cls_loss: 0.3576, transfer_loss: -0.6955, total_Loss: -0.3380, test_loss 1.136071, test_acc: 71.1499
tensor([54., 44., 57., 23., 50.,  9., 42., 43., 12., 64., 12., 11.,  4., 28.,
        20., 38., 22.,  3., 31., 28., 49., 61., 43., 34., 60., 29., 64.,  0.,
        29., 14., 19., 62.])
0.4719669117647059
Accuracy = 71.55% -> 74.29%

[54  8 40 17 50  9 42 43 12 64 29 11  4 28 20 30 22  3 31 28 49 61 43 12
 59 29 16 47 29 14 19 55]
Epoch: [22/200], cls_loss: 0.3397, transfer_loss: -0.2891, total_Loss: 0.2337, test_loss 1.127740, test_acc: 71.4023
Epoch: [23/200], cls_loss: 0.3318, transfer_loss: -0.7066, total_Loss: -0.3748, test_loss 1.118608, test_acc: 71.5860
tensor([14., 48., 42., 40., 56.,  7., 46., 18., 44., 60., 18., 15., 17.,  7.,
        57., 20., 18.,  1., 13., 36., 16.,  3., 52., 60., 61., 32., 54., 40.,
        61., 48.,  9., 41.])
0.4602481617647059
Accuracy = 71.62% -> 74.66%

[14 48 42 40 56  7 62 18 44 29 18 59 43  7 57 20 18  1 13 27 26  3 10 60
 61 32 54 40 24 48  9 61]
Epoch: [24/200], cls_loss: 0.3108, transfer_loss: -0.2832, total_Loss: 0.2132, test_loss 1.149740, test_acc: 71.8155
Epoch: [25/200], cls_loss: 0.3094, transfer_loss: -0.7183, total_Loss: -0.4089, test_loss 1.123851, test_acc: 71.7237
tensor([35.,  1., 62., 12., 17., 52., 18., 30., 61., 63.,  0., 14., 46., 21.,
         2., 28., 51., 50., 59., 62., 55., 36., 16., 22., 26., 13., 48., 21.,
         3., 44., 27., 14.])
0.45588235294117646
Accuracy = 72.29% -> 74.56%

[35  1 62 12 33 23 18 30 43 48  0 14 62 56  2 28 51 50 59 52 55 36 16 22
 26 13 48 52  3 23 27 14]
Epoch: [26/200], cls_loss: 0.2791, transfer_loss: -0.2715, total_Loss: 0.1941, test_loss 1.143373, test_acc: 71.9991
Epoch: [27/200], cls_loss: 0.2799, transfer_loss: -0.7257, total_Loss: -0.4457, test_loss 1.121970, test_acc: 72.2745
tensor([16., 41., 22., 11., 11., 16., 31., 42., 20., 25., 42., 22., 44., 56.,
         7., 45.,  4., 27., 52., 42., 60., 52.,  6.,  3., 50., 54., 53., 12.,
        57., 53., 62.,  1.])
0.4476102941176471
Accuracy = 72.50% -> 74.68%

[61 53 22 17 44 16 31 42 20 25 42 22  8 56  7 45  4 27 52 42 60 52  6  3
 50 54 53 12 26 53 17  1]
Epoch: [28/200], cls_loss: 0.2617, transfer_loss: -0.2681, total_Loss: 0.1839, test_loss 1.133380, test_acc: 72.1368
Epoch: [29/200], cls_loss: 0.2626, transfer_loss: -0.7320, total_Loss: -0.4695, test_loss 1.129178, test_acc: 72.3204
tensor([53., 10., 15.,  6., 20.,  1.,  1., 48.,  3.,  4., 10., 54., 44., 41.,
         4., 31., 61., 42., 13.,  5., 56., 13., 34., 13., 52., 41., 31.,  0.,
         3., 57., 48.,  2.])
0.4420955882352941
Accuracy = 72.61% -> 74.68%

[52 10 27  6 17  1  1 52  3  4 10 54 62 15  4  3 43 42 13  5 56 13 12  3
 52 25 15  0  3 57 48  2]
Epoch: [30/200], cls_loss: 0.2449, transfer_loss: -0.2588, total_Loss: 0.1698, test_loss 1.123543, test_acc: 72.4122
Epoch: [31/200], cls_loss: 0.2462, transfer_loss: -0.7352, total_Loss: -0.4890, test_loss 1.108916, test_acc: 72.6417
tensor([60., 38., 10., 56.,  6., 50., 30., 47.,  5., 53., 21., 51., 26., 34.,
        42., 48., 36., 48., 23.,  0., 18., 26., 46., 22., 54., 25., 25., 59.,
        15.,  4., 13., 10.])
0.43244485294117646
Accuracy = 73.00% -> 75.30%

[60  8 10 63  6 50 30 56  5 59 21 51 26 34 42 48 36 48 48  0 18 26 11 22
 54 25 25 59 16  4 13 10]
Epoch: [32/200], cls_loss: 0.2277, transfer_loss: -0.2631, total_Loss: 0.1572, test_loss 1.129978, test_acc: 73.0549
Epoch: [33/200], cls_loss: 0.2272, transfer_loss: -0.7441, total_Loss: -0.5169, test_loss 1.145413, test_acc: 73.1926
tensor([21.,  4., 34.,  2., 55., 11., 63., 34.,  6.,  2., 63., 21., 40., 45.,
        43., 34., 62., 56., 24., 12., 52., 37., 61., 34., 21., 60., 42., 53.,
         4.,  3.,  7.,  5.])
0.42693014705882354
Accuracy = 73.09% -> 75.11%

[21  4 34 42  5 11 63 34 60  2 63 21 40 52 42 34 62 56 57 32 52 37 26 32
 54 15 42 53  4  3  7  5]
Epoch: [34/200], cls_loss: 0.2128, transfer_loss: -0.2554, total_Loss: 0.1467, test_loss 1.143012, test_acc: 72.9401
Epoch: [35/200], cls_loss: 0.2153, transfer_loss: -0.7464, total_Loss: -0.5311, test_loss 1.141752, test_acc: 72.9860
tensor([14., 62., 38., 23.,  1., 31., 14., 32., 28., 51., 13.,  5., 41., 58.,
        12.,  4., 20., 63., 40.,  9., 51., 30.,  0., 50., 55., 23.,  9., 25.,
        34., 19.,  4., 31.])
0.41360294117647056
Accuracy = 72.63% -> 74.98%

[14 62 11 48  1 44 14 32 28 51 10  5 49 58 34  4 20 63 40  9 51 30  0 50
  5 23  9 25 34 63  4 22]
Epoch: [36/200], cls_loss: 0.1966, transfer_loss: -0.2609, total_Loss: 0.1429, test_loss 1.133309, test_acc: 73.1008
Epoch: [37/200], cls_loss: 0.1981, transfer_loss: -0.7546, total_Loss: -0.5566, test_loss 1.131040, test_acc: 73.2844
tensor([14., 31., 32., 35., 19., 34., 50.,  6., 60., 53.,  6., 14., 34., 29.,
        25.,  9., 21., 46., 62.,  2., 27., 63., 60., 43., 46., 51., 54., 21.,
        17., 63., 56., 50.])
0.4055606617647059
Accuracy = 73.12% -> 75.71%

[14 31 32  6 19 34 50  6 60 53  6 14 34 29 25  9 54 26 52  2 27 63 60 43
 51 51 54 54 33  6 56 50]
Epoch: [38/200], cls_loss: 0.1849, transfer_loss: -0.2494, total_Loss: 0.1312, test_loss 1.164877, test_acc: 73.1926
Epoch: [39/200], cls_loss: 0.1911, transfer_loss: -0.7553, total_Loss: -0.5641, test_loss 1.166128, test_acc: 73.2155
tensor([31., 25., 55., 22., 18., 26., 17., 23.,  2., 29., 47., 40., 56.,  9.,
        56., 19., 49., 22., 53.,  4.,  7.,  3.,  6., 47., 39.,  9., 14., 54.,
        11., 11.,  9., 47.])
0.4092371323529412
Accuracy = 73.16% -> 75.25%

[15 25  5 22 18 26 33 18  2 29 47 40 20  9 56 19 49 22 53  4  7 52  6 47
 39  9 14 54 11 11  9 47]
Epoch: [40/200], cls_loss: 0.1775, transfer_loss: -0.2440, total_Loss: 0.1270, test_loss 1.174852, test_acc: 73.1467
Transfer result: 73.2844
Epoch: [41/200], cls_loss: 0.1780, transfer_loss: -0.7545, total_Loss: -0.5765, test_loss 1.176954, test_acc: 73.3073
tensor([40., 10., 19., 29., 35., 29., 64., 55.,  8., 22.,  4., 59., 52., 42.,
        46., 50., 21., 54., 34., 17., 13., 38., 55., 63., 59., 48., 12., 26.,
        11., 10., 63., 30.])
0.39728860294117646
Accuracy = 73.74% -> 75.76%

[38 10 19 29 35 29 64  5  8 22  4 59 52 42 46 50 21 54 12 17 13 38  5 63
 59 39 34 26 59 13 63 30]
Epoch: [42/200], cls_loss: 0.1787, transfer_loss: -0.2396, total_Loss: 0.1287, test_loss 1.164473, test_acc: 73.4221
Epoch: [43/200], cls_loss: 0.1692, transfer_loss: -0.7623, total_Loss: -0.5930, test_loss 1.179451, test_acc: 73.5827
tensor([11., 58., 57., 13.,  8., 13., 25., 20., 10., 12., 16., 37., 55.,  9.,
        48., 57., 53.,  4., 12., 38.,  9.,  1., 59., 30.,  1., 60., 46.,  5.,
        13.,  2., 13., 52.])
0.39590992647058826
Accuracy = 73.53% -> 75.23%

[53 34 57  3  8 13 25 20 10 12 16 37 55  9 48 57 59  4 12 38  9  1 10 30
  1  7 62  5 13  2 13 52]
Epoch: [44/200], cls_loss: 0.1676, transfer_loss: -0.2296, total_Loss: 0.1217, test_loss 1.181794, test_acc: 73.3991
Epoch: [45/200], cls_loss: 0.1673, transfer_loss: -0.7604, total_Loss: -0.5931, test_loss 1.188176, test_acc: 73.5827
tensor([ 6., 53., 63., 44., 50.,  4., 36., 52., 56., 12.,  9., 33., 28., 58.,
        18.,  1., 31.,  7., 52., 31.,  4., 31.,  6., 36., 42., 37., 25., 53.,
        34., 21.,  1., 34.])
0.39499080882352944
Accuracy = 73.60% -> 75.30%

[ 6 53  6 48 50  4 36 59 58 12  9 51 28 58 18  1 15  7 52 55  4 60  6 56
 51 37 25 53 12 21  1 32]
Epoch: [46/200], cls_loss: 0.1584, transfer_loss: -0.2255, total_Loss: 0.1094, test_loss 1.171795, test_acc: 73.7893
Epoch: [47/200], cls_loss: 0.1580, transfer_loss: -0.7683, total_Loss: -0.6103, test_loss 1.181733, test_acc: 73.8811
tensor([ 9., 55., 35., 21., 39., 21.,  2., 27., 18., 37.,  9., 60., 30.,  3.,
         6., 43., 13., 25., 28., 38., 38., 26.,  2., 44., 20., 18.,  5., 34.,
        20.,  1., 61., 51.])
0.3922334558823529
Accuracy = 73.64% -> 75.44%

[ 9  5 35 21 39 21 42 27 18 37  9 60 30 14  6 43 13 25 28  8 38 26  2 44
 20 18  5 34 20  1 42 51]
Epoch: [48/200], cls_loss: 0.1556, transfer_loss: -0.2187, total_Loss: 0.1134, test_loss 1.178733, test_acc: 73.9270
Epoch: [49/200], cls_loss: 0.1519, transfer_loss: -0.7700, total_Loss: -0.6181, test_loss 1.173908, test_acc: 73.9500
tensor([37., 52., 59., 40., 12., 52., 27., 59., 61., 35., 60., 48., 54., 36.,
        27., 30., 53.,  2., 22., 42., 16., 63., 63., 31., 20., 19., 29., 19.,
        64., 42., 11., 38.])
0.3798253676470588
Accuracy = 73.71% -> 75.64%

[37 59 59 40 12 52 27 59 61 35 60 48 54 36 27 30 53  2 22 42 16 63 63 55
 20 19 29 19 59 42 11 38]
Epoch: [50/200], cls_loss: 0.1435, transfer_loss: -0.2354, total_Loss: 0.1041, test_loss 1.196265, test_acc: 74.0877
Epoch: [51/200], cls_loss: 0.1472, transfer_loss: -0.7700, total_Loss: -0.6228, test_loss 1.170127, test_acc: 74.1565
tensor([45., 16.,  8., 53., 60., 26., 63., 36., 63.,  7.,  4., 54., 32., 27.,
        36., 27.,  6., 10., 23., 64., 59., 35., 58., 13., 12.,  4.,  7., 41.,
        10., 59., 28., 62.])
0.3812040441176471
Accuracy = 74.31% -> 75.87%

[45 16  8 53  7 46 63 36 52  7  4 54 32 27 36 27  6 10 23 64 59  6 58 10
 12  4  7 41 10 59 28 52]
Epoch: [52/200], cls_loss: 0.1449, transfer_loss: -0.2146, total_Loss: 0.1062, test_loss 1.184285, test_acc: 74.2942
Epoch: [53/200], cls_loss: 0.1384, transfer_loss: -0.7708, total_Loss: -0.6324, test_loss 1.186917, test_acc: 74.2942
tensor([ 1., 10.,  0., 39., 61., 44., 60., 10., 52., 23.,  3., 42., 36., 53.,
         3., 64.,  5., 61., 19., 64., 19.,  3., 48., 52., 34., 12.,  6., 29.,
        55., 11.,  1., 39.])
0.3752297794117647
Accuracy = 74.33% -> 75.85%

[ 1 10  0 40 21 44 60 10 53 23  3 42 36 53  3 64  5  6 19 16 19  3 48 13
 32 12  6 52 52 11 27 39]
Epoch: [54/200], cls_loss: 0.1378, transfer_loss: -0.2186, total_Loss: 0.0993, test_loss 1.226392, test_acc: 74.3631
Epoch: [55/200], cls_loss: 0.1420, transfer_loss: -0.7746, total_Loss: -0.6326, test_loss 1.194517, test_acc: 74.2483
tensor([53., 29., 62., 32., 57., 44., 36., 51., 34.,  3., 28., 27., 59., 43.,
        25., 27., 53.,  2., 48., 14., 37., 12., 31., 37.,  8., 62.,  5., 22.,
        31., 11., 52., 54.])
0.38005514705882354
Accuracy = 74.22% -> 75.62%

[53 29 45 32 57 52 36 42 34 13 28 27 59 43 25 27 53  2 48 14 37 12 21 37
  8 52  5 22 14 38 52 54]
Epoch: [56/200], cls_loss: 0.1384, transfer_loss: -0.2063, total_Loss: 0.0984, test_loss 1.178582, test_acc: 74.3631
Epoch: [57/200], cls_loss: 0.1321, transfer_loss: -0.7799, total_Loss: -0.6478, test_loss 1.189614, test_acc: 74.3401
tensor([25.,  9., 29., 45., 59., 11., 10., 62., 31., 28., 31., 54., 22., 35.,
         7., 10., 59., 50.,  5., 39., 28., 57., 31., 17., 15.,  2., 56., 59.,
        22., 50., 52., 44.])
0.36971507352941174
Accuracy = 74.47% -> 75.92%

[25  9 29 45 59 23 10 46 31 28 31 54 22 35  7 10 59 50  5 53 37 57 31 33
 15  2 56 10 22 50 53 59]
Epoch: [58/200], cls_loss: 0.1243, transfer_loss: -0.2095, total_Loss: 0.0907, test_loss 1.189977, test_acc: 74.4090
Epoch: [59/200], cls_loss: 0.1295, transfer_loss: -0.7820, total_Loss: -0.6525, test_loss 1.202759, test_acc: 74.5238
tensor([ 8., 28., 10., 62., 12., 44., 36.,  0., 40.,  0., 14., 46., 14., 50.,
        54., 31., 26., 50., 53., 21., 57., 53., 50., 20., 41.,  8., 41., 51.,
         3., 24.,  1., 17.])
0.36764705882352944
Accuracy = 74.54% -> 75.60%

[ 8 28 10 52 32 23 36  0 40  0 14 51 14 50 54 31 26 50 53 21 26 53 50 48
 41  8 41 51  3 15  1 43]
Epoch: [60/200], cls_loss: 0.1217, transfer_loss: -0.2105, total_Loss: 0.0906, test_loss 1.227640, test_acc: 74.4090
Transfer result: 74.5238
Epoch: [61/200], cls_loss: 0.1243, transfer_loss: -0.7814, total_Loss: -0.6571, test_loss 1.200118, test_acc: 74.3631
tensor([ 8.,  3., 13., 51., 17., 40., 63., 21., 60.,  6., 37., 62., 59., 38.,
        32., 44., 55., 41., 60., 30.,  7.,  8., 39., 39.,  8., 61., 44.,  9.,
        30., 26., 18., 34.])
0.35592830882352944
Accuracy = 74.24% -> 75.48%

[ 8  3 13 51 33 40 63 21 60  6  5 62 59 38 32 23  5 57 60 30  7  8 47 39
  8 24 52  9 30 26 18 34]
Epoch: [62/200], cls_loss: 0.1236, transfer_loss: -0.2163, total_Loss: 0.0979, test_loss 1.209511, test_acc: 74.2713
Epoch: [63/200], cls_loss: 0.1194, transfer_loss: -0.7866, total_Loss: -0.6673, test_loss 1.223609, test_acc: 74.3631
tensor([ 1., 48., 57., 48.,  1., 10.,  4., 13.,  9., 62., 36., 15., 10., 21.,
         4., 18., 40., 56., 42., 62., 54., 37., 15., 28.,  4., 16., 16.,  2.,
         9., 47.,  9., 18.])
0.3584558823529412
Accuracy = 74.38% -> 75.74%

[ 1 48 40 48  1 10  4 13  9 62 36 15 10 21  4 18  6 56 42 21 54 37 32 37
  4 16 26  2  9 47  9 18]
Epoch: [64/200], cls_loss: 0.1172, transfer_loss: -0.2096, total_Loss: 0.0859, test_loss 1.211550, test_acc: 74.6844
Epoch: [65/200], cls_loss: 0.1196, transfer_loss: -0.7873, total_Loss: -0.6677, test_loss 1.216449, test_acc: 74.5926
tensor([44.,  8.,  4.,  6., 50., 30., 50., 64., 11., 27.,  0., 27., 38., 61.,
        28., 51., 50., 45., 12., 48.,  3., 53.,  8., 10., 29., 34., 57., 50.,
         3.,  1., 59., 21.])
0.34329044117647056
Accuracy = 74.56% -> 75.67%

[52  8  4  6 50 30 50 64 11 27  0 27 38 61 28 51 50 45 52 52  3 53  8 10
 29 32 57 50  3  1 10 21]
Epoch: [66/200], cls_loss: 0.1119, transfer_loss: -0.2089, total_Loss: 0.0865, test_loss 1.218552, test_acc: 74.5467
Epoch: [67/200], cls_loss: 0.1227, transfer_loss: -0.7868, total_Loss: -0.6641, test_loss 1.244423, test_acc: 74.7762
tensor([58.,  7., 50., 47., 22., 32., 25., 16., 12., 52.,  3., 30.,  1., 54.,
        52., 42., 13.,  9.,  1., 34., 36.,  9., 59., 16., 21., 54., 48., 50.,
         3., 46., 35., 32.])
0.3430606617647059
Accuracy = 74.38% -> 75.74%

[58  7 50 47 22 32 25 16 34 43  3 30  1 54 52 42 13  9  1 34 36  9 59 26
 21 54 48 50  3 62 35 32]
Epoch: [68/200], cls_loss: 0.1116, transfer_loss: -0.2153, total_Loss: 0.0831, test_loss 1.221802, test_acc: 75.0287
Epoch: [69/200], cls_loss: 0.1100, transfer_loss: -0.7900, total_Loss: -0.6799, test_loss 1.243296, test_acc: 74.5008
tensor([ 0., 62., 28., 62., 51., 56., 16., 51., 14.,  9.,  8., 49., 14., 25.,
        21., 50., 41., 58., 55., 62.,  2., 30., 47., 20., 12., 28., 10., 60.,
        11., 44., 25.,  0.])
0.34949448529411764
Accuracy = 74.43% -> 76.13%

[ 0 62 28 52 51 56 26 51 14  9  8 17 14 25 21 50 41 34  5 62  2 30 47 20
 12 28 10 60  8 29 25  0]
Epoch: [70/200], cls_loss: 0.1126, transfer_loss: -0.1918, total_Loss: 0.0867, test_loss 1.221112, test_acc: 74.7533
Epoch: [71/200], cls_loss: 0.1074, transfer_loss: -0.7914, total_Loss: -0.6841, test_loss 1.240603, test_acc: 74.7533
tensor([26., 11., 18., 62., 11., 37., 14., 32., 61., 55.,  1.,  3., 49., 64.,
         2., 47., 49., 22., 31., 64., 47., 18., 43., 30., 12., 45., 54.,  7.,
         9., 38., 64.,  9.])
0.3396139705882353
Accuracy = 75.00% -> 75.76%

[26 52 18 62 11 37 14 32 43 55  1  3 43 64 55 47 49 22 55 64 47 18 42 30
 32 52 54  7  9 38 64  9]
Epoch: [72/200], cls_loss: 0.1041, transfer_loss: -0.2071, total_Loss: 0.0761, test_loss 1.237411, test_acc: 74.7074
Epoch: [73/200], cls_loss: 0.1108, transfer_loss: -0.7947, total_Loss: -0.6838, test_loss 1.259155, test_acc: 74.9139
tensor([ 9., 36., 43.,  3., 13., 64., 62., 10.,  3., 42., 63., 38., 36., 23.,
        15.,  7., 56.,  5., 54., 46., 43., 49., 32.,  1., 21., 41.,  2., 31.,
        32.,  1., 62., 29.])
0.3430606617647059
Accuracy = 75.05% -> 76.03%

[ 9 36 43  3 23 64 62 10  3 42 63  0 36 23 15  7 56  5 54 46 43 49 32  1
 21 53  2 31 32  1 52 29]
Epoch: [74/200], cls_loss: 0.1091, transfer_loss: -0.1885, total_Loss: 0.0831, test_loss 1.245742, test_acc: 74.8221
Epoch: [75/200], cls_loss: 0.1048, transfer_loss: -0.7944, total_Loss: -0.6896, test_loss 1.234201, test_acc: 74.7762
tensor([55., 54.,  0.,  0., 34., 56.,  4., 16., 40., 56.,  2., 45.,  6., 38.,
        48.,  0.,  8.,  7.,  1., 38., 25.,  3., 52., 64., 13., 42., 54.,  2.,
        24.,  7., 56., 10.])
0.3361672794117647
Accuracy = 75.07% -> 75.83%

[55 54 47  0 34 56  4 16 40 56  2 45  6 23 52 47  8  7  1 23 25  3 52 64
 13 43 54 43  9  7 56 10]
Epoch: [76/200], cls_loss: 0.1034, transfer_loss: -0.1916, total_Loss: 0.0774, test_loss 1.250805, test_acc: 74.8221
Epoch: [77/200], cls_loss: 0.1079, transfer_loss: -0.7956, total_Loss: -0.6877, test_loss 1.245668, test_acc: 74.8680
tensor([22., 10., 32., 18., 10., 45., 13., 14., 32., 59., 60., 57., 52., 62.,
        50., 27., 37., 58.,  4., 54., 49., 50.,  0., 58., 54., 47., 30.,  5.,
        53.,  2., 34., 37.])
0.3343290441176471
Accuracy = 74.98% -> 76.15%

[22 10 32 18 10 45 13 14 32 59  7 57 52 62 50 27 37 58  4 54 49 50  0 58
 54 47 30  2 53  2 34 55]
Epoch: [78/200], cls_loss: 0.1092, transfer_loss: -0.1817, total_Loss: 0.0815, test_loss 1.223170, test_acc: 75.2123
Epoch: [79/200], cls_loss: 0.1020, transfer_loss: -0.8007, total_Loss: -0.6987, test_loss 1.246287, test_acc: 74.9139
tensor([20., 58., 11., 41., 43.,  1., 42., 47., 45., 54., 50.,  5., 64., 11.,
        44., 41., 22.,  9., 37., 36., 50.,  4.,  6., 24., 41., 32., 26., 15.,
        58.,  1., 61., 28.])
0.3272058823529412
Accuracy = 74.93% -> 75.99%

[20 45  8 41 43  1 42 47 45 21 50  5 64 44 44 59 22  9 37 36 42  4  6 24
 10 38 26 31 47  1 24 31]
Epoch: [80/200], cls_loss: 0.1024, transfer_loss: -0.1948, total_Loss: 0.0734, test_loss 1.267751, test_acc: 74.8680
Transfer result: 75.2123
Epoch: [81/200], cls_loss: 0.1015, transfer_loss: -0.7960, total_Loss: -0.6945, test_loss 1.260027, test_acc: 74.9828
tensor([37., 60.,  1., 43., 23., 50., 12.,  7., 58., 36., 26., 60., 26., 10.,
        60., 21., 28., 52., 61., 27., 63., 11.,  2., 48., 21., 13., 57., 49.,
        18., 44.,  0., 37.])
0.32536764705882354
Accuracy = 75.37% -> 76.17%

[37 60  1 43 44 50 34  7 58 36 26 60 26 10 60 54 28 52 61 27 63 45  2 52
 21 13 57 49 18 52  0  5]
Epoch: [82/200], cls_loss: 0.0934, transfer_loss: -0.1942, total_Loss: 0.0752, test_loss 1.225654, test_acc: 75.2582
Epoch: [83/200], cls_loss: 0.0999, transfer_loss: -0.8005, total_Loss: -0.7006, test_loss 1.251655, test_acc: 75.1893
tensor([11., 10.,  0., 63.,  9., 54., 42., 31., 37., 45.,  1., 18., 44.,  0.,
         1., 62., 30.,  1., 11.,  6., 13., 52., 30., 58., 29., 35.,  8., 31.,
        31., 20., 40., 29.])
0.3210018382352941
Accuracy = 75.34% -> 76.15%

[59 10  0 63  9 54 42 31 37 45  1 18 52  0  1 62 30  1 11  6  3 52 30 59
 29 35  8 31 31 20 40  7]
Epoch: [84/200], cls_loss: 0.1008, transfer_loss: -0.1919, total_Loss: 0.0745, test_loss 1.271140, test_acc: 75.0287
Epoch: [85/200], cls_loss: 0.0966, transfer_loss: -0.8013, total_Loss: -0.7047, test_loss 1.254424, test_acc: 75.2353
tensor([36.,  1., 23., 47., 38., 61.,  6., 32., 41., 61.,  0., 12., 21., 47.,
         7., 57., 16., 21.,  8., 47.,  3.,  7., 39., 48., 22., 54.,  1., 11.,
         7., 52., 13., 44.])
0.32238051470588236
Accuracy = 75.32% -> 76.56%

[36  1 23 47 44 42  6 32 41 35  0 12 52 47  7 57 16 54  8 47  3  7 39 48
 22 54  1 53  7 59 13 23]
Epoch: [86/200], cls_loss: 0.0978, transfer_loss: -0.1825, total_Loss: 0.0724, test_loss 1.265294, test_acc: 74.9828
Epoch: [87/200], cls_loss: 0.0959, transfer_loss: -0.7994, total_Loss: -0.7035, test_loss 1.274361, test_acc: 74.9828
tensor([17., 37., 43., 38., 61., 38., 21., 60., 29., 33., 47.,  3., 34., 12.,
        11., 48.,  9., 50., 31.,  9., 60., 55.,  9., 62.,  9., 55., 64., 51.,
         1., 32.,  6., 63.])
0.3239889705882353
Accuracy = 75.07% -> 75.87%

[33 37 26 38 26 38 21 60 29 43 47  3 32 20 23 48  9 50 31  9 60  5  9 52
  9 55 64 51  1 32  6 63]
Epoch: [88/200], cls_loss: 0.0950, transfer_loss: -0.1845, total_Loss: 0.0730, test_loss 1.296635, test_acc: 74.8451
Epoch: [89/200], cls_loss: 0.0904, transfer_loss: -0.8044, total_Loss: -0.7140, test_loss 1.272462, test_acc: 75.1664
tensor([16.,  5., 57., 30., 51.,  3., 32., 27., 16., 21., 42., 12., 44., 34.,
        58., 63., 18., 50.,  6., 39., 54., 36., 47., 26., 18., 47., 62., 41.,
        16., 40., 54., 10.])
0.32077205882352944
Accuracy = 75.34% -> 76.26%

[16  5 57 30 51 52 32 36 51 21 42 32  8 34 47 63 18 50  6 39 54 36 47 26
 18 47 52 46 26 40 54 10]
Epoch: [90/200], cls_loss: 0.0884, transfer_loss: -0.1784, total_Loss: 0.0639, test_loss 1.264913, test_acc: 75.2353
Epoch: [91/200], cls_loss: 0.0924, transfer_loss: -0.8017, total_Loss: -0.7093, test_loss 1.258174, test_acc: 75.3959
tensor([ 8., 55., 14., 20., 31., 11., 43., 10., 29., 32., 26., 13., 30., 29.,
        55., 50.,  4.,  4., 40., 54., 64., 34.,  0., 38., 15., 47., 51., 56.,
        30., 32.,  7.,  4.])
0.31112132352941174
Accuracy = 75.05% -> 76.08%

[ 8 55 14 20 31 11 42 10 29 32 26 13 30 29 55 50  4  4 40 54 64 34  0 38
 15 47 51 58 30 32  7  4]
Epoch: [92/200], cls_loss: 0.0927, transfer_loss: -0.1787, total_Loss: 0.0671, test_loss 1.267408, test_acc: 75.3271
Epoch: [93/200], cls_loss: 0.0947, transfer_loss: -0.8074, total_Loss: -0.7127, test_loss 1.286074, test_acc: 75.1664
tensor([45., 34.,  5., 45., 44., 15., 15., 13., 48.,  7.,  7., 36., 57., 56.,
        64.,  4.,  9., 36.,  1., 44., 48.,  1., 61.,  0., 64.,  7., 15., 55.,
         0., 21., 61., 23.])
0.3212316176470588
Accuracy = 75.51% -> 76.36%

[45 34  5 45 62 31 15  3 48  7  7 36 57 56 64  4  9 36  1 52 48  1 45  0
 64  7 52 55  0 21 51 23]
Epoch: [94/200], cls_loss: 0.0862, transfer_loss: -0.1727, total_Loss: 0.0682, test_loss 1.290418, test_acc: 75.1434
Epoch: [95/200], cls_loss: 0.0903, transfer_loss: -0.8001, total_Loss: -0.7097, test_loss 1.256573, test_acc: 75.6713
tensor([31., 28., 20., 12., 21.,  7., 16., 18., 29., 63., 16.,  1., 61., 62.,
        54.,  6., 45., 30., 29., 41., 24.,  0., 42., 10., 48., 38., 21., 13.,
        39., 56., 27.,  0.])
0.31985294117647056
Accuracy = 75.60% -> 76.29%

[15 37 20  7 21  7 16 18 29 63 16  1 51 57 54  6 45 26 29 41 50 47 42 10
 52  8 21 59 63 56 27 47]
Epoch: [96/200], cls_loss: 0.0896, transfer_loss: -0.1819, total_Loss: 0.0655, test_loss 1.271641, test_acc: 75.5566
Epoch: [97/200], cls_loss: 0.0877, transfer_loss: -0.8001, total_Loss: -0.7123, test_loss 1.294095, test_acc: 75.6943
tensor([57., 63., 57., 63., 42., 63.,  3., 37., 25., 30., 15., 14., 27., 61.,
        56.,  8., 10., 30., 41.,  1.,  5., 26., 61., 64., 37., 60., 35., 23.,
        28., 43., 22., 39.])
0.30997242647058826
Accuracy = 75.71% -> 76.45%

[57 63 57 63 42 63  3 37 25 30 31 14 27 61 56  8 10 30 41  1  5 26 42 64
 37 60 35 23 28 42 22 58]
Epoch: [98/200], cls_loss: 0.0844, transfer_loss: -0.1718, total_Loss: 0.0660, test_loss 1.311552, test_acc: 75.3271
Epoch: [99/200], cls_loss: 0.0915, transfer_loss: -0.8033, total_Loss: -0.7118, test_loss 1.287332, test_acc: 75.5795
tensor([54., 36., 27., 38., 25., 25.,  6., 59., 46., 52., 51., 54., 21., 20.,
        61.,  6., 64.,  0., 18., 14.,  5., 21., 32., 27.,  8., 11., 53., 50.,
        10., 36., 26.,  4.])
0.31135110294117646
Accuracy = 75.71% -> 76.59%

[54 36 27 38 25 50  6 59 51 52 42 54 21 20 61  6 64  0 18 14  5 21 32 25
  8 52 53 11 10 36 26  4]
Epoch: [100/200], cls_loss: 0.0850, transfer_loss: -0.1745, total_Loss: 0.0633, test_loss 1.301605, test_acc: 75.2812
Transfer result: 75.6943
Epoch: [101/200], cls_loss: 0.0873, transfer_loss: -0.8027, total_Loss: -0.7154, test_loss 1.288112, test_acc: 75.7631
tensor([ 7.,  7., 42., 36., 44.,  3., 55., 20., 28., 13., 12., 54.,  3., 53.,
        57., 31., 30., 61., 28., 36., 38., 62.,  3., 24., 54., 54., 49., 29.,
        31., 28., 45., 37.])
0.30974264705882354
Accuracy = 75.48% -> 76.42%

[ 7  7 43 36 59  3  5 20 37 13 12 54  3 53 57 31 26 24 37 36 38 33 13 57
 54 54 49 29 31 28 45 37]
Epoch: [102/200], cls_loss: 0.0873, transfer_loss: -0.1617, total_Loss: 0.0661, test_loss 1.305746, test_acc: 75.3959
Epoch: [103/200], cls_loss: 0.0885, transfer_loss: -0.8052, total_Loss: -0.7168, test_loss 1.309084, test_acc: 75.4877
tensor([31., 30., 22., 38.,  7., 10.,  9.,  9.,  1.,  1., 11., 49., 56., 44.,
         2.,  6.,  0.,  5.,  4., 13.,  5.,  1., 47.,  3.,  2., 47., 61., 19.,
        31., 22., 61., 61.])
0.3046875
Accuracy = 75.46% -> 76.19%

[31 30 22 23  7 10  9  9  1  1 42 49 56 52  2  6  0  5  4 13  5  1 47  3
  2 47 24 19 52 22 45 43]
Epoch: [104/200], cls_loss: 0.0829, transfer_loss: -0.1784, total_Loss: 0.0680, test_loss 1.305736, test_acc: 75.2353
Epoch: [105/200], cls_loss: 0.0812, transfer_loss: -0.8045, total_Loss: -0.7233, test_loss 1.314370, test_acc: 75.6254
tensor([61., 63., 27., 46., 46., 51., 36., 41., 14., 25., 54., 14.,  2.,  8.,
        63., 13., 55., 34., 22., 37., 19., 60., 60.,  5., 55., 36., 41., 39.,
         3., 47., 59., 64.])
0.30813419117647056
Accuracy = 75.67% -> 76.31%

[24 63 27 11 62 51 36 41 14 25 54 14  2  8 60  3  5 34 22 37 19 60 59  5
  5 36 41 39  3 47 59 64]
Epoch: [106/200], cls_loss: 0.0851, transfer_loss: -0.1749, total_Loss: 0.0658, test_loss 1.292450, test_acc: 75.0975
Epoch: [107/200], cls_loss: 0.0879, transfer_loss: -0.8100, total_Loss: -0.7221, test_loss 1.297649, test_acc: 75.5336
tensor([57., 30., 14., 59., 49., 12., 14., 58., 22.,  0., 46., 56., 56., 32.,
        21., 39., 18., 10.,  0., 38., 21., 20., 64., 35., 21., 16., 58., 35.,
        23.,  8., 58., 46.])
0.30744485294117646
Accuracy = 75.71% -> 76.54%

[57 42 14 59 49 12 14 58 22  0 46 64 27 12 21 45 18 10  0 23 21 20 64 35
 21 51 58 21 23  8 52 26]
Epoch: [108/200], cls_loss: 0.0813, transfer_loss: -0.1624, total_Loss: 0.0592, test_loss 1.320243, test_acc: 75.5107
Epoch: [109/200], cls_loss: 0.0825, transfer_loss: -0.8138, total_Loss: -0.7313, test_loss 1.320739, test_acc: 75.6484
tensor([ 9., 18., 48., 10.,  2., 61.,  2., 64., 22.,  0., 48., 10., 62., 60.,
        28., 59., 53., 55.,  0., 54., 31.,  1.,  9., 19., 60., 48., 43., 43.,
        52.,  3., 54., 41.])
0.29503676470588236
Accuracy = 75.53% -> 76.65%

[ 9 18 52 10  2  2  2 64 22  0 48 10 62 60 28 59 53  5 47 54 31  1  9 39
 11 48 43 43 52  3 54 21]
Epoch: [110/200], cls_loss: 0.0783, transfer_loss: -0.1673, total_Loss: 0.0634, test_loss 1.322468, test_acc: 75.5336
Epoch: [111/200], cls_loss: 0.0804, transfer_loss: -0.8082, total_Loss: -0.7278, test_loss 1.312492, test_acc: 75.4648
tensor([53., 53., 18., 64., 46., 21., 20., 19., 39.,  0., 29., 20., 21.,  1.,
        42., 46., 57., 63., 42., 54., 45., 17., 32., 21.,  2.,  0.,  9., 14.,
        12.,  6., 56., 62.])
0.2977941176470588
Accuracy = 76.13% -> 76.75%

[53 53 18 64 51 21 20 19 53 47 29 52 21  1 42 46 14  6 51 54 45 42 32 36
 56 47  9 14 58  6 56 62]
Epoch: [112/200], cls_loss: 0.0845, transfer_loss: -0.1664, total_Loss: 0.0632, test_loss 1.330412, test_acc: 75.6025
Epoch: [113/200], cls_loss: 0.0854, transfer_loss: -0.8139, total_Loss: -0.7285, test_loss 1.313827, test_acc: 75.6943
tensor([31., 43., 44., 29., 35., 46., 30., 44., 34., 13., 29., 27., 10., 37.,
        15., 25.,  1., 39.,  4.,  9., 58., 36., 29., 28., 42., 48., 61., 30.,
        26.,  4., 51., 29.])
0.2984834558823529
Accuracy = 75.64% -> 76.33%

[31 43 52 29 35 22 30  8 12 52 29 27 10 37 59 25  1 39  4  9 20 36 29 28
 42 48 45 30 26  4 51 29]
Epoch: [114/200], cls_loss: 0.0773, transfer_loss: -0.1724, total_Loss: 0.0535, test_loss 1.323974, test_acc: 75.8549
Epoch: [115/200], cls_loss: 0.0768, transfer_loss: -0.8116, total_Loss: -0.7348, test_loss 1.303264, test_acc: 75.7631
tensor([26., 29.,  5., 54., 58., 53., 64.,  6.,  9.,  0., 12., 57., 10., 33.,
        25.,  7., 10.,  9.,  8., 22., 39., 51., 55., 20.,  6., 60., 13.,  0.,
        18., 28., 49., 53.])
0.3005514705882353
Accuracy = 75.94% -> 76.77%

[26 29  5 54 34 64 64  6  9  0 32 57 10 42 25  7 10  9  8 22 45 51 55 20
  6 60 13 47 18 28 49 53]
Epoch: [116/200], cls_loss: 0.0834, transfer_loss: -0.1541, total_Loss: 0.0669, test_loss 1.301722, test_acc: 75.4877
Epoch: [117/200], cls_loss: 0.0780, transfer_loss: -0.8122, total_Loss: -0.7342, test_loss 1.302517, test_acc: 75.6025
tensor([44., 55., 13., 16., 60., 44., 22., 21., 32., 23., 15., 26.,  9.,  1.,
         8., 11.,  4., 30., 11., 55., 22., 31., 16., 54., 63.,  1., 22., 56.,
        63., 14., 28., 34.])
0.30261948529411764
Accuracy = 75.97% -> 76.86%

[ 8  5 13 26 60  8 22 21 32 23 15 26  9  1  8 11  4 30 52  5 22 31 16 54
 63  1 22 63 63 14 31 12]
Epoch: [118/200], cls_loss: 0.0819, transfer_loss: -0.1676, total_Loss: 0.0603, test_loss 1.313743, test_acc: 75.5336
Epoch: [119/200], cls_loss: 0.0852, transfer_loss: -0.8144, total_Loss: -0.7292, test_loss 1.309070, test_acc: 75.4418
tensor([26., 64., 30., 51., 44.,  4., 11., 39., 10.,  3.,  8., 30., 36.,  0.,
        36., 38., 19., 20.,  6., 38., 56.,  3., 10., 14., 60., 47.,  0.,  2.,
        41., 19., 52., 57.])
0.2966452205882353
Accuracy = 75.94% -> 76.88%

[26 64 16 42 23  4 53 47 10  3  8 24 36  0 36 38 19 20  6 17 56  3 59 14
 60 47 18  2 41 19 52 57]
Epoch: [120/200], cls_loss: 0.0743, transfer_loss: -0.1635, total_Loss: 0.0540, test_loss 1.304648, test_acc: 75.8549
Transfer result: 75.8549
Epoch: [121/200], cls_loss: 0.0729, transfer_loss: -0.8126, total_Loss: -0.7397, test_loss 1.319771, test_acc: 75.8090
tensor([26., 27., 62., 13., 33., 23., 15.,  3., 23.,  0., 26., 14., 34., 49.,
        39., 22., 18., 10., 18., 15.,  0., 19., 49., 56., 40., 21., 19., 30.,
        37., 36., 16., 13.])
0.2888327205882353
Accuracy = 76.38% -> 77.00%

[26 27 62 30 43 11 28 47 23  0 26 14 12 49 39 22 18 10 18 15  0 19 49 56
 40 21 19 30 37 36 26 13]
Epoch: [122/200], cls_loss: 0.0793, transfer_loss: -0.1606, total_Loss: 0.0581, test_loss 1.310179, test_acc: 75.6025
Epoch: [123/200], cls_loss: 0.0767, transfer_loss: -0.8099, total_Loss: -0.7331, test_loss 1.331532, test_acc: 75.7402
tensor([33., 51., 41., 58., 60.,  2., 17., 26., 63., 62.,  7., 11., 24., 26.,
        25.,  4.,  7.,  9., 10., 26., 20., 31., 15., 22., 30., 63.,  6., 29.,
        60., 15., 37., 26.])
0.2867647058823529
Accuracy = 75.80% -> 76.61%

[42 51 41 58 60 17 62 26 48 62  7 52 42 51 25  4  7  9 10 26 20 31 15 22
 30 63  6  7 60 12 37 26]
Epoch: [124/200], cls_loss: 0.0748, transfer_loss: -0.1727, total_Loss: 0.0578, test_loss 1.370120, test_acc: 75.4418
Epoch: [125/200], cls_loss: 0.0751, transfer_loss: -0.8159, total_Loss: -0.7408, test_loss 1.313191, test_acc: 75.9697
tensor([51., 31., 11., 56.,  5., 38., 27., 19., 25., 61., 15., 34.,  6., 25.,
        21.,  9., 23., 14., 14., 42., 61., 52.,  3., 54., 60., 19., 18., 38.,
         4., 20.,  9., 23.])
0.29113051470588236
Accuracy = 75.87% -> 76.45%

[51 37 11 56  5 38 27 19 25 24 15 34  6 25 21  9 23 14 14 42 61 52  3 54
 60 19 18  8  4 17  9 23]
Epoch: [126/200], cls_loss: 0.0754, transfer_loss: -0.1603, total_Loss: 0.0578, test_loss 1.339608, test_acc: 75.6025
Epoch: [127/200], cls_loss: 0.0734, transfer_loss: -0.8141, total_Loss: -0.7407, test_loss 1.323093, test_acc: 75.8090
tensor([ 0., 37., 43., 59.,  3.,  7., 43.,  9., 55.,  9., 12., 13., 51.,  3.,
        15., 23.,  9., 28.,  8.,  3., 38., 48.,  0., 21., 30.,  1., 41., 54.,
        60., 11., 38., 19.])
0.2881433823529412
Accuracy = 75.69% -> 76.65%

[ 0 37 17 59  3  7 42  9  5  9 32 13 42  3 15 23  9 28  8  3 38 48  0 21
 30  1 44 54 60 44 38 19]
Epoch: [128/200], cls_loss: 0.0738, transfer_loss: -0.1510, total_Loss: 0.0587, test_loss 1.325508, test_acc: 75.6254
Epoch: [129/200], cls_loss: 0.0766, transfer_loss: -0.8132, total_Loss: -0.7367, test_loss 1.316588, test_acc: 76.3140
tensor([36., 17.,  5., 53., 10., 10., 62.,  1., 21.,  9.,  3., 28., 16.,  9.,
        23., 50.,  4.,  6., 63., 48., 50., 46., 30., 55., 37., 15.,  1., 55.,
        15., 15.,  2., 45.])
0.28699448529411764
Accuracy = 76.31% -> 76.72%

[36 33  5 48 59 10 62  1 54  9  3 28 16  9 23 57  4  6 63 48 50 17 30 55
 37 15  1  5 15 15  2 45]
Epoch: [130/200], cls_loss: 0.0758, transfer_loss: -0.1539, total_Loss: 0.0549, test_loss 1.340918, test_acc: 75.7631
Epoch: [131/200], cls_loss: 0.0744, transfer_loss: -0.8144, total_Loss: -0.7399, test_loss 1.344519, test_acc: 75.7402
tensor([ 7., 54., 45.,  9., 56., 62., 49., 22., 58., 47., 32., 41., 59., 48.,
        30., 39., 13.,  4.,  9., 61., 25., 31., 55., 61., 27.,  5., 54., 13.,
        59., 22., 41., 22.])
0.2867647058823529
Accuracy = 76.42% -> 76.88%

[ 7 54 45  9 56 62 49 22 58 47 32 53 59 48 30 39 13  4  9 42 25 31  5 43
 27  5 54 13 59 22 41 22]
Epoch: [132/200], cls_loss: 0.0764, transfer_loss: -0.1561, total_Loss: 0.0556, test_loss 1.365868, test_acc: 75.5107
Epoch: [133/200], cls_loss: 0.0761, transfer_loss: -0.8174, total_Loss: -0.7413, test_loss 1.340610, test_acc: 75.7861
tensor([ 8.,  9., 30., 64., 25., 37., 41., 17.,  0.,  2., 64., 44., 61.,  9.,
         1.,  0., 27., 48.,  0., 49., 26., 54., 15., 19., 49., 36., 15., 62.,
        13., 38., 37., 59.])
0.2890625
Accuracy = 76.26% -> 76.95%

[ 8  9 30 64 25 37 53 33 56  2 64 23 42  9  1  0 27 42 47 49 26 54 32 42
 49 36 15 62 13 38 37 59]
Epoch: [134/200], cls_loss: 0.0699, transfer_loss: -0.1647, total_Loss: 0.0497, test_loss 1.341906, test_acc: 76.0845
Epoch: [135/200], cls_loss: 0.0730, transfer_loss: -0.8161, total_Loss: -0.7431, test_loss 1.320820, test_acc: 75.9697
tensor([45., 63., 37., 51., 14., 55., 58., 11.,  2.,  0., 53., 35.,  1., 15.,
        63., 41., 61., 25., 31., 63., 36.,  3., 15., 49., 12., 28., 34., 44.,
        36., 41., 29., 11.])
0.28791360294117646
Accuracy = 76.06% -> 77.09%

[45 63 37 51 14  5 58 11 55  0 11 35  1 31 63 21  5 25 31 63 36  3 15 49
 12 28 12 52 36 22 29 52]
Epoch: [136/200], cls_loss: 0.0762, transfer_loss: -0.1404, total_Loss: 0.0582, test_loss 1.332580, test_acc: 76.0386
Epoch: [137/200], cls_loss: 0.0716, transfer_loss: -0.8199, total_Loss: -0.7483, test_loss 1.326585, test_acc: 75.9468
tensor([35., 11.,  5., 30., 61., 45., 61., 52., 61.,  6., 12., 58., 10., 20.,
         3., 31.,  6., 63.,  4., 47., 52., 10., 58.,  0., 42.,  1.,  4., 52.,
        41.,  4., 10.,  5.])
0.28469669117647056
Accuracy = 76.08% -> 76.88%

[35 52  5 30 61 45 61 59 42  6 34 58 10 20  3  9 40 48  4 47 52 13 58  0
 42  1  4 52 41  4 13  5]
Epoch: [138/200], cls_loss: 0.0704, transfer_loss: -0.1513, total_Loss: 0.0558, test_loss 1.318314, test_acc: 76.2222
Epoch: [139/200], cls_loss: 0.0777, transfer_loss: -0.8129, total_Loss: -0.7352, test_loss 1.367513, test_acc: 75.7172
tensor([10., 12., 34., 12., 59., 60.,  5.,  3., 16., 62., 11., 21., 41.,  1.,
         6.,  1., 34., 29.,  1., 23., 15., 43., 39., 44.,  0., 22.,  6., 39.,
         8., 51., 27., 32.])
0.2853860294117647
Accuracy = 75.94% -> 76.63%

[10 34 39 12 59 60  5 52 16 62 11 21 41  1  6  1 12 29  1 23 34 43 39 52
  0 22  6 47  8 51 27 32]
Epoch: [140/200], cls_loss: 0.0779, transfer_loss: -0.1494, total_Loss: 0.0544, test_loss 1.344378, test_acc: 76.0156
Transfer result: 76.3140
Epoch: [141/200], cls_loss: 0.0709, transfer_loss: -0.8176, total_Loss: -0.7467, test_loss 1.335263, test_acc: 76.0386
tensor([ 3., 60., 16., 16., 48., 54., 52., 19.,  9.,  4.,  8., 42., 55., 16.,
         4., 39., 60., 16.,  3., 35., 58., 59., 19., 18.,  2., 60., 10.,  8.,
        46., 47., 38.,  5.])
0.28125
Accuracy = 76.13% -> 76.63%

[ 3 60 16 16 52 54 52 19  9  4  8 42  5 26  4 39 60 16  3 35 58 59 63 18
  2 60 10  8 46 47  8  5]
Epoch: [142/200], cls_loss: 0.0716, transfer_loss: -0.1546, total_Loss: 0.0533, test_loss 1.322387, test_acc: 76.2451
Epoch: [143/200], cls_loss: 0.0685, transfer_loss: -0.8163, total_Loss: -0.7478, test_loss 1.344737, test_acc: 76.0386
tensor([21., 47., 50., 48., 10.,  9., 25., 50., 41., 58.,  9., 14.,  7.,  1.,
        35., 21., 41., 47., 18., 20.,  5., 58.,  4., 15.,  4., 53., 13., 63.,
        55.,  2., 38., 29.])
0.2743566176470588
Accuracy = 76.36% -> 76.79%

[21 47 50 52 10 62 25 50 41 58  9 14  7  1 35 21 41 47 18 20  5 58  4 31
  4 53 13 63  5 55 38 29]
Epoch: [144/200], cls_loss: 0.0687, transfer_loss: -0.1555, total_Loss: 0.0487, test_loss 1.351483, test_acc: 75.8320
Epoch: [145/200], cls_loss: 0.0739, transfer_loss: -0.8185, total_Loss: -0.7446, test_loss 1.331775, test_acc: 76.0156
tensor([63., 48., 36., 62., 34., 28., 20., 19., 53., 62.,  8., 43., 16., 53.,
        10., 31., 11., 44., 38., 59., 51., 10., 46., 62., 56., 21., 34., 15.,
         8., 55., 60.,  3.])
0.27918198529411764
Accuracy = 75.80% -> 76.65%

[63 52 36 62 12 28 30 30 53 46  8 43 16 53 10 31 53 59  8 59 51 27 62 33
 56 36 34 15  8  5 60  3]
Epoch: [146/200], cls_loss: 0.0720, transfer_loss: -0.1441, total_Loss: 0.0540, test_loss 1.364453, test_acc: 76.0845
Epoch: [147/200], cls_loss: 0.0727, transfer_loss: -0.8161, total_Loss: -0.7434, test_loss 1.328744, test_acc: 76.3140
tensor([ 1., 10., 61., 22., 23., 12., 47., 52., 14., 42.,  0., 60.,  6., 16.,
        32.,  6., 59., 35., 56., 34., 17., 49., 21., 48., 51., 62., 30., 34.,
        59., 29., 17., 61.])
0.2821691176470588
Accuracy = 76.29% -> 76.84%

[ 1 10 61 22 23 32 47 52 14 42  0 60  6 16 32 59 59 35 56 34 43 49 54 52
 26 45 30 34 10 29 43 43]
Epoch: [148/200], cls_loss: 0.0670, transfer_loss: -0.1427, total_Loss: 0.0519, test_loss 1.339967, test_acc: 76.2681
Epoch: [149/200], cls_loss: 0.0687, transfer_loss: -0.8226, total_Loss: -0.7539, test_loss 1.367682, test_acc: 76.0386
Transfer result: 76.3140
