Namespace(backbone='resnet50', batch_size=32, config='plabe_Coor_ATT/plabel_coor_att.yaml', data_dir='/DB/rhome/yuhaowang/CV_DA/OfficeHomeDataset_10072016', device=device(type='cuda'), early_stop=20, epoch_based_training=False, is_balance=False, lr=0.001, lr_decay=0.75, lr_gamma=0.0003, lr_scheduler=True, momentum=0.9, n_epoch=120, n_iter_per_epoch=300, num_workers=3, seed=1, src_domain='Clipart', tgt_domain='Real_World', transfer_loss='bnm', transfer_loss_weight=1.0, use_bottleneck=True, weight_decay=0.0005)
balance para is : False
batch_num is  136
Epoch: [ 1/120], cls_loss: 3.4794, transfer_loss: -0.0895, total_Loss: 3.3898, test_loss 2.922409, test_acc: 35.8733
Epoch: [ 2/120], cls_loss: 2.4308, transfer_loss: -0.2009, total_Loss: 2.2298, test_loss 2.353564, test_acc: 46.6146
tensor([31.,  2., 39., 61., 63., 60., 57.,  3., 17.,  0., 28., 49.,  3., 50.,
        14.,  8.,  5., 41., 41., 19., 30., 20.,  7., 12., 12., 58., 49., 49.,
        16., 63., 34., 31.])
0.6739430147058824
Accuracy = 47.08% -> 1.22%

[46 46 46 46 46 46 46 46 46 46 46 46 46 46 46 46 46 46 46 46 46 46 46 46
 46 46 46 46 46 46 46 46]
Epoch: [ 3/120], cls_loss: 2.8945, transfer_loss: -0.3319, total_Loss: 2.1401, test_loss 3.123157, test_acc: 8.4691
Epoch: [ 4/120], cls_loss: 1.8591, transfer_loss: -0.2736, total_Loss: 1.5855, test_loss 1.919988, test_acc: 56.0477
Epoch: [ 5/120], cls_loss: 1.4708, transfer_loss: -0.3774, total_Loss: 1.0935, test_loss 1.692209, test_acc: 58.6872
tensor([ 5., 53.,  6., 49., 23.,  2.,  8., 16., 13., 37., 63., 48.,  0., 53.,
        63., 30., 14., 59., 27., 32., 18., 42., 21.,  8., 54.,  8.,  9., 10.,
        17., 41., 37., 13.])
0.43474264705882354
Accuracy = 58.96% -> 63.97%

[37 47  6 49 43 43  8 16  3 37 55  2  0 53  6 26 14 59 19 32 18 42 54  8
 54  8 46 10 33 49 37 13]
Epoch: [ 6/120], cls_loss: 1.2925, transfer_loss: -0.6451, total_Loss: 1.1404, test_loss 1.611898, test_acc: 58.7790
Epoch: [ 7/120], cls_loss: 1.1503, transfer_loss: -0.5248, total_Loss: 0.6255, test_loss 1.481501, test_acc: 61.5332
Epoch: [ 8/120], cls_loss: 0.9986, transfer_loss: -0.5422, total_Loss: 0.4564, test_loss 1.388375, test_acc: 63.5759
tensor([32., 62., 56., 12., 23.,  7.,  5., 14., 45.,  4., 31., 22., 18., 12.,
        45.,  4., 30., 20.,  2., 44., 22., 37.,  1., 23., 20., 29., 60., 37.,
        13., 11., 29., 13.])
0.3226102941176471
Accuracy = 63.92% -> 68.68%

[32 52 56 12 20  7  5  3 45  4 31 22 18 32 45  4 24 48  2 23 22 37  1 23
 20 29 60 37 52 23 29 13]
Epoch: [ 9/120], cls_loss: 0.9068, transfer_loss: -0.6980, total_Loss: 0.8432, test_loss 1.341032, test_acc: 65.8251
Epoch: [10/120], cls_loss: 0.8402, transfer_loss: -0.6021, total_Loss: 0.2381, test_loss 1.293122, test_acc: 66.2382
Epoch: [11/120], cls_loss: 0.7371, transfer_loss: -0.6143, total_Loss: 0.1228, test_loss 1.264516, test_acc: 67.3858
tensor([10.,  6., 19.,  8., 61., 13., 51., 20.,  8., 50.,  4., 36.,  8., 52.,
        22., 64., 10.,  3., 28.,  3., 39., 29.,  6., 14., 24., 42., 58., 18.,
        25.,  0., 54., 49.])
0.26171875
Accuracy = 67.65% -> 71.62%

[10  6 19  8  5  3 51 20  8 50  4 36  8 52 22 64 10  3 37  3 39 29  6 14
 57 51 58 18 25 47 54 49]
Epoch: [12/120], cls_loss: 0.6676, transfer_loss: -0.7287, total_Loss: 0.6589, test_loss 1.222201, test_acc: 69.3367
Epoch: [13/120], cls_loss: 0.6293, transfer_loss: -0.6559, total_Loss: -0.0266, test_loss 1.207745, test_acc: 69.1531
Epoch: [14/120], cls_loss: 0.5718, transfer_loss: -0.6591, total_Loss: -0.0873, test_loss 1.194958, test_acc: 69.4285
tensor([18., 54., 54.,  6., 10.,  6., 60.,  2., 38., 19., 31., 21.,  1., 41.,
        44.,  0., 40., 21., 59., 31., 11., 62., 15., 48.,  8.,  5., 43., 44.,
        30., 10., 15., 58.])
0.22104779411764705
Accuracy = 69.90% -> 72.93%

[18 54 54  6 10 60 60 55 38 19 52 21  1 41  8 18 40 21 59  1 61 62 15 48
  8 15 43  8 30 10 16 20]
Epoch: [15/120], cls_loss: 0.5238, transfer_loss: -0.7589, total_Loss: 0.5435, test_loss 1.179656, test_acc: 70.6220
Epoch: [16/120], cls_loss: 0.5183, transfer_loss: -0.6945, total_Loss: -0.1762, test_loss 1.159206, test_acc: 70.7367
Epoch: [17/120], cls_loss: 0.4642, transfer_loss: -0.6947, total_Loss: -0.2306, test_loss 1.141617, test_acc: 71.4482
tensor([18., 32., 20.,  7., 30.,  7., 50., 34., 30., 18., 18., 52., 64., 43.,
         2.,  0., 56., 15., 63.,  1., 10., 14., 18., 34., 12.,  8., 28., 24.,
        47., 53., 17., 22.])
0.19852941176470587
Accuracy = 71.02% -> 73.67%

[18 32 20  7 30  7 50 34 30 18 18  3 64 43 42 47 56 15  6  1 10 14 18 12
 32  8 28 50 47 53 33 22]
Epoch: [18/120], cls_loss: 0.4323, transfer_loss: -0.7810, total_Loss: 0.4566, test_loss 1.152739, test_acc: 72.0450
Epoch: [19/120], cls_loss: 0.4170, transfer_loss: -0.7103, total_Loss: -0.2934, test_loss 1.116123, test_acc: 72.4122
Epoch: [20/120], cls_loss: 0.3828, transfer_loss: -0.7184, total_Loss: -0.3357, test_loss 1.136691, test_acc: 72.4811
tensor([33., 17.,  6., 61., 18., 41., 38.,  8., 60.,  9., 60., 61., 50., 27.,
        56., 14., 60., 63., 59., 19., 14., 21., 37., 58., 22., 48., 44., 19.,
        58.,  9., 21.,  5.])
0.17807904411764705
Accuracy = 72.38% -> 74.36%

[43 61  6 42 18 41 44  8 60  9  7 43 50 36 56 14 60 63 59 59 14 54 37 34
 22 48 52 19 58  9 54  5]
Epoch: [21/120], cls_loss: 0.3605, transfer_loss: -0.7861, total_Loss: 0.4015, test_loss 1.137253, test_acc: 73.4909
Epoch: [22/120], cls_loss: 0.3572, transfer_loss: -0.7304, total_Loss: -0.3732, test_loss 1.125441, test_acc: 73.3991
Epoch: [23/120], cls_loss: 0.3275, transfer_loss: -0.7327, total_Loss: -0.4052, test_loss 1.128822, test_acc: 73.2385
tensor([14., 48., 42., 40., 56.,  7., 46., 18., 44., 60., 18., 15., 17.,  7.,
        57., 20., 18.,  1., 13., 36., 16.,  3., 52., 60., 61., 32., 54., 40.,
        61., 48.,  9., 41.])
0.16245404411764705
Accuracy = 72.77% -> 74.52%

[14 48 42 40 56  7 62 18 44 29 18 59 43  7 40 20 18  1 13 27 26  3 10 60
 61 32 54 40 24 48  9 61]
Epoch: [24/120], cls_loss: 0.3175, transfer_loss: -0.7968, total_Loss: 0.3627, test_loss 1.160074, test_acc: 73.7205
Epoch: [25/120], cls_loss: 0.3156, transfer_loss: -0.7458, total_Loss: -0.4301, test_loss 1.128393, test_acc: 73.7434
Epoch: [26/120], cls_loss: 0.2858, transfer_loss: -0.7490, total_Loss: -0.4632, test_loss 1.136974, test_acc: 73.7663
tensor([26., 32.,  1., 46., 17., 10., 57.,  4., 53., 18., 23., 62., 25., 11.,
        57., 41., 60., 10., 46., 59., 18., 21., 61., 61., 56., 34., 10.,  1.,
         0.,  2., 58., 25.])
0.15165441176470587
Accuracy = 73.94% -> 75.14%

[26 32  1 62 43 10 57  4 59 18 23 52 25 53 57 41 60 10 42 59 18 21 51 61
 56 12 41  1  0  2 34 25]
Epoch: [27/120], cls_loss: 0.2695, transfer_loss: -0.8032, total_Loss: 0.3153, test_loss 1.144070, test_acc: 74.5467
Epoch: [28/120], cls_loss: 0.2733, transfer_loss: -0.7511, total_Loss: -0.4777, test_loss 1.138578, test_acc: 74.2942
Epoch: [29/120], cls_loss: 0.2553, transfer_loss: -0.7613, total_Loss: -0.5060, test_loss 1.117640, test_acc: 74.4090
tensor([ 9.,  0., 55., 62.,  5., 12., 53., 21., 53., 37., 12.,  0., 64., 22.,
        23., 19.,  5., 18., 20.,  3., 20.,  4., 11., 33., 60., 38., 43., 51.,
        52.,  9., 58., 31.])
0.13947610294117646
Accuracy = 74.31% -> 75.46%

[ 9  0 55 52  5 12 53 54 53 37 32  0 64 22 43 19  5 18 20  3 20  4 11  2
 56 38 38 51 52  9 34 31]
Epoch: [30/120], cls_loss: 0.2450, transfer_loss: -0.8094, total_Loss: 0.2873, test_loss 1.141158, test_acc: 74.7762
Epoch: [31/120], cls_loss: 0.2411, transfer_loss: -0.7664, total_Loss: -0.5253, test_loss 1.151064, test_acc: 74.5238
Epoch: [32/120], cls_loss: 0.2321, transfer_loss: -0.7668, total_Loss: -0.5347, test_loss 1.140322, test_acc: 74.5008
tensor([21., 29.,  2., 17., 57., 13., 36., 26., 26., 60., 18., 10.,  7., 21.,
        41., 15., 53., 47., 53., 43.,  7., 39., 57., 43., 37., 35., 44., 62.,
         4., 44., 37.,  8.])
0.13074448529411764
Accuracy = 74.75% -> 75.32%

[21 29  2 33 57 13 36 26 26 60 18 10  7 21 41 15 53 47 53 43  7 39 57 42
 40 35 52 62  4 23 37  8]
Epoch: [33/120], cls_loss: 0.2210, transfer_loss: -0.8162, total_Loss: 0.2745, test_loss 1.148728, test_acc: 74.7533
Epoch: [34/120], cls_loss: 0.2126, transfer_loss: -0.7761, total_Loss: -0.5634, test_loss 1.170130, test_acc: 74.9139
Epoch: [35/120], cls_loss: 0.2031, transfer_loss: -0.7762, total_Loss: -0.5730, test_loss 1.149220, test_acc: 74.7762
tensor([44., 61., 42., 26.,  0., 49., 13.,  0., 56., 43., 16., 36.,  9., 24.,
        47., 22.,  4., 20., 30., 26., 14., 13., 48., 42.,  0., 20., 22., 53.,
        45., 61., 55., 29.])
0.12339154411764706
Accuracy = 74.89% -> 75.37%

[52 41 42 26  0 49 13  0 56 43 16 36  9 24 47 22  4 52 30 26 14 13 52 42
  0 48 22 53 45 61  5 29]
Epoch: [36/120], cls_loss: 0.1923, transfer_loss: -0.8203, total_Loss: 0.2437, test_loss 1.190613, test_acc: 75.1664
Epoch: [37/120], cls_loss: 0.1973, transfer_loss: -0.7808, total_Loss: -0.5835, test_loss 1.169154, test_acc: 75.0287
Epoch: [38/120], cls_loss: 0.1880, transfer_loss: -0.7812, total_Loss: -0.5932, test_loss 1.173939, test_acc: 75.0057
tensor([61., 31., 60.,  2.,  6.,  4.,  4., 61., 14., 54., 15., 55., 20., 42.,
        25., 32., 50., 10., 52.,  7.,  9., 12., 32., 22., 15., 15., 54., 27.,
         3., 18., 10., 44.])
0.11603860294117647
Accuracy = 74.93% -> 75.74%

[35  3 47  2  6  4  4 51 14 54 15 55 45 36 25 32 11 10 52  7  9 32 32 22
 15 15 54 27  3 18 10 52]
Epoch: [39/120], cls_loss: 0.1824, transfer_loss: -0.8207, total_Loss: 0.2237, test_loss 1.203186, test_acc: 75.2353
Epoch: [40/120], cls_loss: 0.1739, transfer_loss: -0.7855, total_Loss: -0.6116, test_loss 1.196269, test_acc: 75.2123
Epoch: [41/120], cls_loss: 0.1632, transfer_loss: -0.7843, total_Loss: -0.6211, test_loss 1.181573, test_acc: 75.1434
tensor([60., 23., 11., 10.,  1., 60.,  7., 40., 20., 13., 47., 50., 32., 63.,
        28., 24., 25., 30., 63., 52.,  4., 37.,  5.,  7., 58., 27., 10., 27.,
        10., 18., 12., 45.])
0.11557904411764706
Accuracy = 75.02% -> 75.67%

[60 44 26 10  1 60  7 40 20 13 47 50 32  2 28 42 25 30 39 52  4 37  5  7
 58 27 10 27 10 18 12 45]
Epoch: [42/120], cls_loss: 0.1633, transfer_loss: -0.8229, total_Loss: 0.2133, test_loss 1.211685, test_acc: 75.2123
Epoch: [43/120], cls_loss: 0.1724, transfer_loss: -0.7967, total_Loss: -0.6243, test_loss 1.188502, test_acc: 75.4648
Epoch: [44/120], cls_loss: 0.1554, transfer_loss: -0.7926, total_Loss: -0.6372, test_loss 1.199980, test_acc: 75.3271
tensor([31.,  5., 53., 47., 19., 45., 27., 18., 22., 22., 51., 10.,  4., 61.,
        13., 22., 62., 50.,  6.,  7., 35., 44., 59., 26., 34., 41.,  1., 14.,
        47., 28., 28.,  8.])
0.10477941176470588
Accuracy = 75.83% -> 76.24%

[31  5 53 47 26 45 27 18 22 22 51 13  4  5 13 22 62 50  6  7 35 44 59 26
 12 41  1 14 47 28 28  8]
Epoch: [45/120], cls_loss: 0.1569, transfer_loss: -0.8251, total_Loss: 0.2030, test_loss 1.206885, test_acc: 75.7631
Epoch: [46/120], cls_loss: 0.1533, transfer_loss: -0.7977, total_Loss: -0.6443, test_loss 1.231975, test_acc: 75.4648
Epoch: [47/120], cls_loss: 0.1532, transfer_loss: -0.8000, total_Loss: -0.6468, test_loss 1.208163, test_acc: 75.4877
tensor([38., 53., 46., 57., 39.,  4., 20., 35., 28., 54., 19., 32.,  2.,  3.,
        50., 14., 56., 18.,  7., 30., 53., 25., 64., 14.,  4.,  7., 33., 49.,
        56., 20., 43., 61.])
0.09995404411764706
Accuracy = 75.37% -> 75.83%

[38 53 22 57 39  4 20  6 28 54 19 32 43 14 50 14 56 18  7 30 48 21 47 14
  4  7 49 49 56 20 43 61]
Epoch: [48/120], cls_loss: 0.1418, transfer_loss: -0.8308, total_Loss: 0.1886, test_loss 1.219446, test_acc: 75.7631
Epoch: [49/120], cls_loss: 0.1454, transfer_loss: -0.8000, total_Loss: -0.6546, test_loss 1.223061, test_acc: 75.6484
Epoch: [50/120], cls_loss: 0.1419, transfer_loss: -0.8011, total_Loss: -0.6593, test_loss 1.248095, test_acc: 75.5566
tensor([39., 37., 42., 35., 15., 30.,  0., 30., 52., 29., 31., 23.,  4., 56.,
        36., 27., 63., 44., 11., 14., 19., 34., 55., 58., 63.,  4.,  9.,  9.,
        43., 22., 61., 47.])
0.09558823529411764
Accuracy = 75.78% -> 76.22%

[47 37 42 35 15 30  0 30 52 29 31  2  4 56 36 27 63 52 44 14 19 58  5 34
 63  4 22  9 43 22  6 47]
Epoch: [51/120], cls_loss: 0.1308, transfer_loss: -0.8342, total_Loss: 0.1806, test_loss 1.233305, test_acc: 75.7631
Epoch: [52/120], cls_loss: 0.1361, transfer_loss: -0.8036, total_Loss: -0.6675, test_loss 1.221131, test_acc: 75.9238
Epoch: [53/120], cls_loss: 0.1304, transfer_loss: -0.8063, total_Loss: -0.6759, test_loss 1.236799, test_acc: 75.8320
tensor([14., 44., 62., 51., 46.,  7., 10.,  6., 48., 49., 11., 35., 37.,  9.,
        18., 28., 44.,  1., 47., 39., 60., 58., 18., 38., 51., 18., 39.,  0.,
        15., 64.,  4., 23.])
0.08915441176470588
Accuracy = 75.78% -> 76.08%

[14 44 62 51 62  7 13  6 48 49  3 35 37  9 18 37 52  1 20 39 56 58 18  8
 51 18 39  0 15 64  4 23]
Epoch: [54/120], cls_loss: 0.1246, transfer_loss: -0.8262, total_Loss: 0.1827, test_loss 1.232289, test_acc: 76.0386
Epoch: [55/120], cls_loss: 0.1289, transfer_loss: -0.8012, total_Loss: -0.6723, test_loss 1.226343, test_acc: 75.8779
Epoch: [56/120], cls_loss: 0.1243, transfer_loss: -0.8109, total_Loss: -0.6866, test_loss 1.259240, test_acc: 76.0156
tensor([62., 55., 14., 27., 51., 34.,  8., 27.,  1.,  4., 21., 16., 19., 25.,
         9., 16., 44., 36.,  2., 55., 37.,  5., 63., 30., 29., 44., 39., 63.,
        23., 24., 50., 38.])
0.08800551470588236
Accuracy = 76.01% -> 76.26%

[62 55 14 27 51 34  8 27  1  4 21 16 59 25  9 26 44 36  2 55 37  5 63 30
 29 44 39 63 23 24 50 23]
Epoch: [57/120], cls_loss: 0.1284, transfer_loss: -0.8363, total_Loss: 0.1761, test_loss 1.288316, test_acc: 75.9468
Epoch: [58/120], cls_loss: 0.1258, transfer_loss: -0.8096, total_Loss: -0.6838, test_loss 1.282196, test_acc: 76.0386
Epoch: [59/120], cls_loss: 0.1256, transfer_loss: -0.8107, total_Loss: -0.6851, test_loss 1.263700, test_acc: 76.1074
tensor([25.,  9., 29., 45., 59., 11., 10., 62., 31., 28., 31., 54., 22., 35.,
         7., 10., 59., 50.,  5., 39., 28., 57., 31., 17., 15.,  2., 56., 59.,
        22., 50., 52., 44.])
0.07950367647058823
Accuracy = 75.99% -> 76.38%

[25  9 29 45 59 11 10 46 31 28 31 54 22 35  7 10 59 50  5 63 37 57 31 33
 15  2 56 10 22 50 53 59]
Epoch: [60/120], cls_loss: 0.1139, transfer_loss: -0.8350, total_Loss: 0.1630, test_loss 1.251412, test_acc: 76.1992
Epoch: [61/120], cls_loss: 0.1183, transfer_loss: -0.8137, total_Loss: -0.6954, test_loss 1.279126, test_acc: 76.2451
Epoch: [62/120], cls_loss: 0.1159, transfer_loss: -0.8102, total_Loss: -0.6942, test_loss 1.274526, test_acc: 76.2451
tensor([35.,  4., 43., 56., 56., 38., 34., 62.,  0.,  9., 34., 62., 53.,  1.,
        32., 40., 28., 41., 26., 10., 38.,  5.,  4., 30., 43.,  0., 18.,  1.,
        36., 39., 52., 51.])
0.07559742647058823
Accuracy = 76.10% -> 76.47%

[35  4 43 56 56  8  8 45  0  9 39 52 53  1 32 40 28 27 26 10 38  5  4 30
 43 47 18  1 45 39 52 51]
Epoch: [63/120], cls_loss: 0.1122, transfer_loss: -0.8410, total_Loss: 0.1564, test_loss 1.286909, test_acc: 76.2222
Epoch: [64/120], cls_loss: 0.1188, transfer_loss: -0.8101, total_Loss: -0.6913, test_loss 1.272231, test_acc: 76.0156
Epoch: [65/120], cls_loss: 0.1082, transfer_loss: -0.8125, total_Loss: -0.7043, test_loss 1.310709, test_acc: 76.1074
tensor([19.,  8., 59., 22., 20., 14., 11.,  9.,  8., 59., 58., 51., 56., 23.,
        58., 29., 63., 57.,  9., 48., 61.,  5., 64., 51.,  9.,  3.,  6.,  3.,
        53., 48., 12., 28.])
0.06916360294117647
Accuracy = 76.24% -> 76.65%

[19  8 59 22 20 14 11 62 38 59 12 51 64 56 34 29 63 24 22 52 43  5 64 51
  9  3  6 53 53 48 32 37]
Epoch: [66/120], cls_loss: 0.1055, transfer_loss: -0.8365, total_Loss: 0.1560, test_loss 1.282596, test_acc: 76.4517
Epoch: [67/120], cls_loss: 0.1083, transfer_loss: -0.8153, total_Loss: -0.7070, test_loss 1.312559, test_acc: 76.4976
Epoch: [68/120], cls_loss: 0.1128, transfer_loss: -0.8183, total_Loss: -0.7055, test_loss 1.326720, test_acc: 76.2681
tensor([55.,  4.,  0., 23., 46., 30.,  5., 53., 61.,  5.,  1., 21., 55., 50.,
         5., 22., 44., 43., 61.,  7., 60., 20., 64., 31., 53., 15., 48., 29.,
        46., 19., 31., 58.])
0.0703125
Accuracy = 76.22% -> 76.17%

[55  4 47 23 46 30  5 64 53  5  1 21  5 50  5 22 44 42 43  7 60 20 64 31
 53 32 48 29 62 26 15 58]
Epoch: [69/120], cls_loss: 0.1112, transfer_loss: -0.8351, total_Loss: 0.1482, test_loss 1.292454, test_acc: 76.4746
Epoch: [70/120], cls_loss: 0.1078, transfer_loss: -0.8211, total_Loss: -0.7134, test_loss 1.309540, test_acc: 76.3140
Epoch: [71/120], cls_loss: 0.1075, transfer_loss: -0.8212, total_Loss: -0.7136, test_loss 1.310622, test_acc: 76.3599
tensor([21., 47.,  9.,  5., 50., 38., 20., 45., 40.,  7., 54., 44.,  4., 10.,
        60., 61., 46., 14., 52., 19., 43., 28., 56., 42., 50., 29., 61., 24.,
        54., 53., 61., 10.])
0.0700827205882353
Accuracy = 76.06% -> 76.42%

[21 47  9  5 50 23 20 45 40  7 54 44  4 13 60 43 62 14 23 26 43 28 56 42
 50 29 61 24 54 53 61 13]
Epoch: [72/120], cls_loss: 0.1062, transfer_loss: -0.8407, total_Loss: 0.1403, test_loss 1.344809, test_acc: 76.3828
Epoch: [73/120], cls_loss: 0.1006, transfer_loss: -0.8242, total_Loss: -0.7236, test_loss 1.336881, test_acc: 76.3599
Epoch: [74/120], cls_loss: 0.0981, transfer_loss: -0.8227, total_Loss: -0.7246, test_loss 1.323137, test_acc: 76.4517
tensor([10., 57., 29., 48., 43., 64., 25., 18., 46., 50., 42., 42., 64., 28.,
        30., 14., 50., 12.,  3., 11.,  3., 31., 30., 64., 44., 39., 43., 18.,
        55., 39., 60., 37.])
0.06158088235294118
Accuracy = 76.33% -> 76.54%

[10 57 29 48 42 64 25 18 46 50 36 32 64 28 30 14 50 34  3 11 14 31 26 64
 52 39 43 18 55 11 60 37]
Epoch: [75/120], cls_loss: 0.0982, transfer_loss: -0.8391, total_Loss: 0.1421, test_loss 1.336402, test_acc: 76.5894
Epoch: [76/120], cls_loss: 0.1022, transfer_loss: -0.8230, total_Loss: -0.7207, test_loss 1.348313, test_acc: 76.3599
Epoch: [77/120], cls_loss: 0.0993, transfer_loss: -0.8252, total_Loss: -0.7259, test_loss 1.341680, test_acc: 76.6123
tensor([56., 22.,  2., 48., 39., 40.,  6., 43., 50., 41., 11., 28., 29., 42.,
         0.,  2., 27., 38., 25., 10.,  7., 43., 20., 30.,  4., 18., 49., 35.,
         0., 63.,  8., 22.])
0.06502757352941177
Accuracy = 76.45% -> 76.61%

[56 22 55 48 39 40 38 26 50 41 11 28 29 42 56  2 27 44 25 10  7 43 17 30
  4 18 49 35 47 63  8 22]
Epoch: [78/120], cls_loss: 0.0985, transfer_loss: -0.8450, total_Loss: 0.1356, test_loss 1.356986, test_acc: 76.5894
Epoch: [79/120], cls_loss: 0.0937, transfer_loss: -0.8220, total_Loss: -0.7282, test_loss 1.317098, test_acc: 76.7042
Epoch: [80/120], cls_loss: 0.0917, transfer_loss: -0.8250, total_Loss: -0.7334, test_loss 1.349212, test_acc: 76.5205
tensor([18., 31., 49., 43., 10., 59., 60., 60., 62., 44., 14., 38.,  9., 31.,
        28., 24.,  0., 22., 64.,  7., 35., 25., 50., 11., 37., 31., 16., 60.,
         4.,  7., 42., 46.])
0.059283088235294115
Accuracy = 76.22% -> 76.42%

[18 31 49 43 10 59 59 60 62 52 14 38  9 31 28 24 47 22 64  7 35 25 50 23
 37 31 38 60  4  7 42 51]
Epoch: [81/120], cls_loss: 0.0974, transfer_loss: -0.8480, total_Loss: 0.1294, test_loss 1.365669, test_acc: 76.4058
Epoch: [82/120], cls_loss: 0.0915, transfer_loss: -0.8277, total_Loss: -0.7362, test_loss 1.351816, test_acc: 76.5205
Epoch: [83/120], cls_loss: 0.0919, transfer_loss: -0.8282, total_Loss: -0.7363, test_loss 1.368602, test_acc: 76.4517
tensor([ 0., 60., 63., 39., 21., 47., 49.,  0., 22., 28., 54.,  8., 38., 48.,
        61., 56., 36.,  9., 47., 25., 35., 28., 58., 43., 31.,  1., 31., 15.,
        13., 23., 38., 13.])
0.05767463235294118
Accuracy = 76.52% -> 76.68%

[ 0 60 63 39 21 47 49  0 22 28 54  8  8 48 43 64 36  9 47 21 35 37 58 43
 45  1 31 15 13 23 38 13]
Epoch: [84/120], cls_loss: 0.0875, transfer_loss: -0.8425, total_Loss: 0.1178, test_loss 1.375942, test_acc: 76.4517
Epoch: [85/120], cls_loss: 0.0923, transfer_loss: -0.8248, total_Loss: -0.7325, test_loss 1.349184, test_acc: 76.6582
Epoch: [86/120], cls_loss: 0.0911, transfer_loss: -0.8318, total_Loss: -0.7406, test_loss 1.373715, test_acc: 76.6353
tensor([45.,  9.,  1., 30., 35., 29., 42.,  3.,  0., 60., 30., 13., 54., 59.,
        34., 32., 36., 50., 56., 26., 25., 49., 37., 58., 18., 43., 60., 17.,
        58., 26., 51., 20.])
0.05560661764705882
Accuracy = 76.31% -> 76.40%

[45  9  1 30 35 29 51  3 27 60 26  3 54 59 34 34 36 50 56 26 25 49 37 34
 18 43 60 43 12 51 42 20]
Epoch: [87/120], cls_loss: 0.0931, transfer_loss: -0.8449, total_Loss: 0.1214, test_loss 1.388220, test_acc: 76.7042
Epoch: [88/120], cls_loss: 0.0895, transfer_loss: -0.8298, total_Loss: -0.7404, test_loss 1.392210, test_acc: 76.7042
Epoch: [89/120], cls_loss: 0.0959, transfer_loss: -0.8283, total_Loss: -0.7325, test_loss 1.384720, test_acc: 76.6582
tensor([58., 21., 52., 28., 15., 25.,  8., 30., 30., 63., 22.,  4., 46., 56.,
         9., 36., 25., 41., 26., 53., 54., 17.,  2., 53., 36., 13., 48., 18.,
        51., 63.,  4., 58.])
0.05376838235294118
Accuracy = 76.40% -> 76.56%

[58 21 52 28 52 50  8 30 33 63 22  4 51 56  9 36 21 41 26 53 54 33  2 53
 36 13 48 18 51 63  4 58]
Epoch: [90/120], cls_loss: 0.0853, transfer_loss: -0.8399, total_Loss: 0.1189, test_loss 1.391876, test_acc: 76.6353
Epoch: [91/120], cls_loss: 0.0895, transfer_loss: -0.8260, total_Loss: -0.7365, test_loss 1.384093, test_acc: 76.6812
Epoch: [92/120], cls_loss: 0.0837, transfer_loss: -0.8305, total_Loss: -0.7468, test_loss 1.409210, test_acc: 76.8648
tensor([11., 37., 22., 20., 46., 59.,  0., 25., 45., 20., 51., 63., 39., 43.,
        19., 56., 45., 13., 48., 21.,  6., 54., 27., 55., 30., 24.,  4., 45.,
        57.,  4., 17., 55.])
0.05170036764705882
Accuracy = 76.47% -> 76.56%

[11 55 22 20 46 59  0 25 45 59 51 20 40 42 19 64 45 13 52 21  6 54 27  5
 30 36  4 62 52  4 62  5]
Epoch: [93/120], cls_loss: 0.0862, transfer_loss: -0.8459, total_Loss: 0.1123, test_loss 1.401609, test_acc: 76.5664
Epoch: [94/120], cls_loss: 0.0905, transfer_loss: -0.8318, total_Loss: -0.7413, test_loss 1.409906, test_acc: 76.5435
Epoch: [95/120], cls_loss: 0.0819, transfer_loss: -0.8312, total_Loss: -0.7492, test_loss 1.391873, test_acc: 76.5205
tensor([ 8., 55., 14., 20., 31., 11., 43., 10., 29., 32., 26., 13., 30., 29.,
        55., 50.,  4.,  4., 40., 54., 64., 34.,  0., 38., 15., 47., 51., 56.,
        30., 32.,  7.,  4.])
0.051011029411764705
Accuracy = 76.17% -> 76.22%

[ 8 55 14 20 31 11 43 10 29 32 26 13 30 29 55 50  4  4 40 54 64 34  0 38
 15 47 51 58 30 32  7  4]
Epoch: [96/120], cls_loss: 0.0813, transfer_loss: -0.8443, total_Loss: 0.1109, test_loss 1.404788, test_acc: 76.8648
Epoch: [97/120], cls_loss: 0.0885, transfer_loss: -0.8367, total_Loss: -0.7481, test_loss 1.414390, test_acc: 76.4517
Epoch: [98/120], cls_loss: 0.0831, transfer_loss: -0.8340, total_Loss: -0.7509, test_loss 1.422213, test_acc: 76.5435
tensor([22., 39., 55.,  4., 28.,  5., 43., 41., 10., 15., 26., 57., 17., 29.,
         4.,  6., 47., 25., 39.,  6., 60., 29., 13.,  2., 18., 22., 17.,  1.,
        50., 43.,  5., 12.])
0.05215992647058824
Accuracy = 76.54% -> 76.72%

[22 39 55  4 28  5 43 59 10 15 26 40 33 29  4  6 47 21 39 37 60 29  3  2
 18 22 62  1 50 43  5 12]
Epoch: [99/120], cls_loss: 0.0747, transfer_loss: -0.8501, total_Loss: 0.1045, test_loss 1.417444, test_acc: 76.7501
Epoch: [100/120], cls_loss: 0.0860, transfer_loss: -0.8327, total_Loss: -0.7466, test_loss 1.418846, test_acc: 76.5894
Epoch: [101/120], cls_loss: 0.0812, transfer_loss: -0.8329, total_Loss: -0.7517, test_loss 1.415220, test_acc: 76.5894
tensor([62.,  7., 28., 61., 22., 44., 55., 57., 47., 35.,  3., 11., 50.,  3.,
        31., 30.,  4., 31., 54., 22., 16., 61., 29.,  0., 61., 47., 43., 63.,
        25., 29., 19., 25.])
0.04940257352941176
Accuracy = 76.45% -> 76.61%

[62  7 28 51 22 44  5 57 47 35  3  3 50  3 31 30  4 44 54 22 16 43 29  0
  6 47 43 63 25 29 19 25]
Epoch: [102/120], cls_loss: 0.0737, transfer_loss: -0.8452, total_Loss: 0.1095, test_loss 1.418706, test_acc: 76.6812
Epoch: [103/120], cls_loss: 0.0809, transfer_loss: -0.8322, total_Loss: -0.7513, test_loss 1.450148, test_acc: 76.6812
Epoch: [104/120], cls_loss: 0.0764, transfer_loss: -0.8316, total_Loss: -0.7551, test_loss 1.456611, test_acc: 76.6123
tensor([63., 11., 24., 20., 57., 51., 45., 57., 50., 55., 49., 63., 17., 42.,
        15., 34.,  5., 48., 36., 24., 11.,  5., 63., 29., 56., 52., 56.,  6.,
        27., 64., 45., 45.])
0.04480698529411765
Accuracy = 76.45% -> 76.70%

[63 52  9 48 40 51 45 57 50  5 49 63 43 42 15 34  5 48 36 57  3 55 63 29
 56  3 56  6 27 59 45 45]
Epoch: [105/120], cls_loss: 0.0797, transfer_loss: -0.8476, total_Loss: 0.1096, test_loss 1.460161, test_acc: 76.6123
Epoch: [106/120], cls_loss: 0.0800, transfer_loss: -0.8303, total_Loss: -0.7502, test_loss 1.460923, test_acc: 76.5664
Epoch: [107/120], cls_loss: 0.0814, transfer_loss: -0.8364, total_Loss: -0.7550, test_loss 1.432508, test_acc: 76.7730
tensor([14., 62., 37., 36., 37.,  2.,  8., 42., 14., 19., 61., 54., 55., 61.,
         1., 34., 44., 54., 54.,  4.,  9., 56., 56., 16., 49., 30., 62.,  0.,
        25., 22., 35., 27.])
0.04549632352941176
Accuracy = 76.59% -> 76.70%

[14 62 37 36 55 43  8 42 14 19 24 54  5 61  1 12 23 54 54  4 55 56 56 16
 49 30 62 56 25 22 35 27]
Epoch: [108/120], cls_loss: 0.0747, transfer_loss: -0.8482, total_Loss: 0.1036, test_loss 1.468122, test_acc: 76.6353
Epoch: [109/120], cls_loss: 0.0772, transfer_loss: -0.8330, total_Loss: -0.7557, test_loss 1.442425, test_acc: 76.7271
Epoch: [110/120], cls_loss: 0.0807, transfer_loss: -0.8299, total_Loss: -0.7492, test_loss 1.469099, test_acc: 76.5435
tensor([29.,  8., 30., 26., 63., 17., 37., 22., 45., 58., 63., 50., 23., 45.,
        31., 49., 19., 28.,  0., 54., 58.,  4., 30.,  9., 21., 43., 61., 47.,
        47., 30., 44., 20.])
0.04090073529411765
Accuracy = 76.54% -> 76.63%

[29  8 30 26 63 43 37 22 45 53 63 30 23 45 31 49 19 28 47 54 58  4 30  9
 21 43 42 47 47 30 44 20]
Epoch: [111/120], cls_loss: 0.0707, transfer_loss: -0.8431, total_Loss: 0.1060, test_loss 1.502420, test_acc: 76.6582
Epoch: [112/120], cls_loss: 0.0744, transfer_loss: -0.8320, total_Loss: -0.7576, test_loss 1.455714, test_acc: 76.6582
Transfer result: 76.8648
