Namespace(backbone='resnet50', batch_size=32, config='plabel_Transfer_Att/plabel_Transfer_Att.yaml', data_dir='/DB/rhome/yuhaowang/CV_DA/OfficeHomeDataset_10072016', device=device(type='cuda'), early_stop=0, epoch_based_training=False, lr=0.001, lr_decay=0.75, lr_gamma=0.0003, lr_scheduler=True, momentum=0.9, n_epoch=80, n_iter_per_epoch=300, num_workers=3, seed=1, src_domain='Art', tgt_domain='Real_World', transfer_loss='bnm', transfer_loss_weight=1.0, use_bottleneck=True, weight_decay=0.0005)
batch_num is  136
Epoch: [ 1/80], cls_loss: 3.1692, transfer_loss: -0.1178, total_Loss: 3.7539, test_loss 2.631467, test_acc: 41.1292
Epoch: [ 2/80], cls_loss: 1.9847, transfer_loss: -0.2569, total_Loss: 2.4258, test_loss 2.021498, test_acc: 51.4115
Epoch: [ 3/80], cls_loss: 1.5185, transfer_loss: -0.3553, total_Loss: 1.8591, test_loss 1.707961, test_acc: 57.3330
Epoch: [ 4/80], cls_loss: 1.2116, transfer_loss: -0.4203, total_Loss: 1.4856, test_loss 1.486112, test_acc: 62.1758
Epoch: [ 5/80], cls_loss: 0.9763, transfer_loss: -0.4733, total_Loss: 1.1962, test_loss 1.309862, test_acc: 66.1005
Epoch: [ 6/80], cls_loss: 0.7855, transfer_loss: -0.5188, total_Loss: 0.9589, test_loss 1.171568, test_acc: 69.4285
Epoch: [ 7/80], cls_loss: 0.6674, transfer_loss: -0.5500, total_Loss: 0.8087, test_loss 1.094966, test_acc: 71.1499
Epoch: [ 8/80], cls_loss: 0.5533, transfer_loss: -0.5775, total_Loss: 0.6662, test_loss 1.022905, test_acc: 72.5270
Epoch: [ 9/80], cls_loss: 0.4667, transfer_loss: -0.6039, total_Loss: 0.5521, test_loss 0.991875, test_acc: 73.4221
tensor([10.,  1., 53.,  7., 12., 41., 22., 47.,  7., 61., 18., 54., 60., 31.,
        53., 53.,  7., 31.,  6., 33., 46., 38., 53., 32.,  3.,  1.,  9., 54.,
         3., 28., 20., 49.])
Accuracy = 73.02% -> 76.79%

[10  1 59  7 12 41 22 47  7 61 18 54  7 31 53 53  7 31  6 17 46  8 52 32
 52  1  9 54 13 28 20 49]
len of dataloader 136
Epoch: [10/80], cls_loss: 0.4021, transfer_loss: -0.6356, total_Loss: 1.1589, test_loss 0.853199, test_acc: 76.8878
tensor([26., 20., 18.,  0., 47., 46.,  6.,  7., 62., 22.,  1., 28., 55., 10.,
         2.,  7., 35., 13., 40., 44., 36., 54., 44., 54., 60.,  8.,  4.,  1.,
        45., 57.,  8.,  7.])
Accuracy = 77.11% -> 78.79%

[26 20 18  0 47 46  6  7 62 22  1 28 55 10 43  7 35 13 40 11 36 54 44 54
 60  8  4  1 45 57  8  7]
len of dataloader 136
Epoch: [11/80], cls_loss: 0.3608, transfer_loss: -0.6804, total_Loss: 0.9220, test_loss 0.795697, test_acc: 78.4714
tensor([26.,  8.,  7., 14., 54., 52., 58., 13., 54., 54., 57., 33.,  5., 56.,
         9.,  4., 64., 51., 30., 41., 44., 50., 15., 11.,  3., 21., 10., 18.,
         1., 37., 48., 31.])
Accuracy = 78.56% -> 79.37%

[26  8  7 14 21 52 58 13 54 54 57 41  5 56  9  4 56 51 30 21 44 50 25 11
  3 21 10 18  1 37 48 31]
len of dataloader 136
Epoch: [12/80], cls_loss: 0.3106, transfer_loss: -0.7025, total_Loss: 0.7765, test_loss 0.782098, test_acc: 79.4124
tensor([19., 30., 22., 22., 54., 50.,  2., 12., 27.,  3.,  7., 20., 12., 50.,
        21.,  2., 57., 37.,  1., 59., 54.,  6., 38., 21., 64., 41., 10., 14.,
        10.,  7., 10., 25.])
Accuracy = 79.30% -> 79.80%

[19 16 22 22 54 50  2 34 27  3  7 20 34 50 21  2 46 37  1 59 54  6 38 21
 64 41 10 14 10  7 59 25]
len of dataloader 136
Epoch: [13/80], cls_loss: 0.2795, transfer_loss: -0.7265, total_Loss: 0.6535, test_loss 0.764191, test_acc: 79.8485
tensor([49., 13., 11., 13., 28.,  5.,  9.,  7., 30.,  6., 41., 18.,  1.,  4.,
        42., 19.,  5., 31., 15., 61.,  5., 57., 52., 19., 36., 53., 49., 48.,
        15., 39.,  4., 46.])
Accuracy = 79.69% -> 80.22%

[49  3 59 13 28  5  9  7 30  6 63 18  1  4 42 19  5 38 53 61  5 41 13 56
 36 53  8 48 15 58  4 46]
len of dataloader 136
Epoch: [14/80], cls_loss: 0.2480, transfer_loss: -0.7419, total_Loss: 0.5656, test_loss 0.763756, test_acc: 80.3764
tensor([ 1., 52., 25., 60.,  4., 62.,  9.,  4., 10., 15.,  8.,  5.,  6., 24.,
        34., 48., 33., 60., 14., 18., 16., 15., 56., 44., 52., 59., 63., 10.,
         3., 32., 31., 26.])
Accuracy = 80.10% -> 80.17%

[ 1 52 25 60  4 46  9  4 13 52  8 55  6 24 12 48 51  7 14 18 16 15 56 35
 59 59 63 10  3 32 38 26]
len of dataloader 136
Epoch: [15/80], cls_loss: 0.2174, transfer_loss: -0.7543, total_Loss: 0.4767, test_loss 0.763820, test_acc: 80.5141
tensor([ 2., 57.,  6., 10., 14., 14.,  7., 55., 50., 61., 61., 25., 23., 22.,
        30., 64., 60., 14., 49., 23., 38., 49.,  3., 43., 21., 27., 10., 34.,
         1., 44.,  0., 58.])
Accuracy = 80.31% -> 80.40%

[ 2 57  6 59 14 14  7 55 50 46 43 25 23 22 30 64 60 14 49 23 38 49  3 43
 21 27 10 34  1 44  0 58]
len of dataloader 136
Epoch: [16/80], cls_loss: 0.2002, transfer_loss: -0.7684, total_Loss: 0.4091, test_loss 0.769216, test_acc: 80.6518
tensor([61.,  1., 52., 24., 29., 31., 45.,  2., 25., 25., 19., 11.,  9., 41.,
        26., 48., 43., 64., 59., 29.,  0., 44., 10., 21., 12.,  2., 27., 61.,
        49., 31., 55., 10.])
Accuracy = 80.81% -> 80.70%

[61  1 40 24 23 31 45  2 25 25 41 23  9 41 26 48 33 64 10 29 56  8 10 21
 12  2 27 61 49 31 55 10]
len of dataloader 136
Epoch: [17/80], cls_loss: 0.1686, transfer_loss: -0.7824, total_Loss: 0.3254, test_loss 0.802249, test_acc: 80.8813
tensor([50., 49.,  7., 18., 53., 26., 43., 10.,  6., 54., 62., 44.,  6., 59.,
         8., 25., 17., 41., 63., 33., 43., 16., 23., 45.,  8., 52., 28., 50.,
        44., 52.,  0.,  8.])
Accuracy = 80.58% -> 80.70%

[42  8  7 18 53 26 43 10  6 54 17 44  6 59  8 25 17 41 63 43 19 26 11 45
  8 52 28 50 23 52  0  8]
len of dataloader 136
Epoch: [18/80], cls_loss: 0.1631, transfer_loss: -0.7886, total_Loss: 0.2918, test_loss 0.809171, test_acc: 80.9961
tensor([13., 43., 55., 63., 49., 44., 54., 55., 33., 21., 57., 50., 63., 61.,
        11., 48., 59., 31., 41., 31.,  5., 26., 56., 54.,  6.,  7., 10., 64.,
        50., 62., 38., 59.])
Accuracy = 80.58% -> 80.63%

[13 33 55  6 49 44 54 55  2 21 57 50 63 61 11 48 59 31 41 31  5 26 56 54
  6  7 10 64 50 55 23 59]
len of dataloader 136
Epoch: [19/80], cls_loss: 0.1497, transfer_loss: -0.7973, total_Loss: 0.2544, test_loss 0.831986, test_acc: 81.1109
tensor([62., 16., 10., 12., 60., 41., 28., 33., 25., 56., 38., 36., 50., 50.,
        21., 39., 54., 54., 14., 32., 57.,  0., 52., 17., 30., 18., 15., 39.,
        56., 18., 25.,  9.])
Accuracy = 80.68% -> 80.95%

[38 16 35 32 60 15 28 33 25 56 44 36 50 50 21 58 54 54 14 32 57  0 52 17
 30 18 15 39 56 18 25  9]
len of dataloader 136
Epoch: [20/80], cls_loss: 0.1307, transfer_loss: -0.8007, total_Loss: 0.2038, test_loss 0.842808, test_acc: 81.0191
tensor([ 1., 31., 51., 43.,  2., 35., 11.,  3.,  5., 31.,  1.,  5., 13., 15.,
        39.,  2., 33.,  8., 56., 54.,  0., 32.,  0., 17., 42.,  8.,  9.,  1.,
        46.,  0., 43., 15.])
Accuracy = 80.79% -> 80.77%

[ 1 31 26 43  2 35 11  3 55 31  1  5 13 15 52  2  2  8 64 54  0 32  0 43
 42  8  9  1 59  0 43 45]
len of dataloader 136
Epoch: [21/80], cls_loss: 0.1262, transfer_loss: -0.8166, total_Loss: 0.1615, test_loss 0.895711, test_acc: 80.8354
tensor([45., 56., 25., 18., 28., 25., 27., 31., 38., 60., 10., 17., 61., 48.,
        63.,  0., 24., 43., 40., 42., 23.,  4., 46., 58.,  7., 41., 29., 30.,
         0., 36., 47., 47.])
Accuracy = 80.63% -> 80.58%

[45  0 25 18 28 25 27 31 11  7 46 17 43 48  6  0 57 43 40 42 23  4 46 58
  7 41 29 30  0 36 47 47]
len of dataloader 136
Epoch: [22/80], cls_loss: 0.1153, transfer_loss: -0.8134, total_Loss: 0.1466, test_loss 0.910194, test_acc: 80.8584
tensor([25., 56., 27., 53., 41., 41., 24.,  1.,  2., 53., 51., 14., 51., 17.,
        37., 39., 10., 59., 31., 53.,  6., 31., 60., 11., 54., 48., 61., 60.,
        35.,  6.,  0., 63.])
Accuracy = 80.74% -> 80.74%

[25 56  1 53 41 41 30  1  2 53 51 13 51 17 37 47 10 10 31 53  6 38  7 44
 54 48  5 60  6  6 47 63]
len of dataloader 136
Epoch: [23/80], cls_loss: 0.1088, transfer_loss: -0.8174, total_Loss: 0.1201, test_loss 0.920760, test_acc: 80.9502
tensor([18., 30., 25., 20., 52., 64., 54., 37.,  1.,  0.,  1., 45., 17., 58.,
        47., 62.,  7., 42.,  2., 49., 32., 26., 31., 26., 22., 20.,  6., 48.,
        49.,  8., 32., 61.])
Accuracy = 80.88% -> 81.04%

[18 36 25 20 52 64 54 37  1  0  1 45 17 58 47 62  7 33  2 49 32 26 31 30
 22 20  6 48 49  8 32 61]
len of dataloader 136
Epoch: [24/80], cls_loss: 0.1019, transfer_loss: -0.8221, total_Loss: 0.0845, test_loss 0.928034, test_acc: 80.9731
tensor([22.,  0., 36., 25.,  3., 51.,  6., 41., 55., 53., 54., 54., 31., 59.,
        51., 63., 32., 24., 50., 30.,  9., 47., 54., 22.,  1.,  7., 47., 37.,
        30., 29., 30., 18.])
Accuracy = 81.02% -> 81.09%

[22  0 36 25  3 51  6 41 40 53 54 54 31 10 51 63 23 24 50 30  9 47 54 22
  1  7 47 37 30 29 30 18]
len of dataloader 136
Epoch: [25/80], cls_loss: 0.0951, transfer_loss: -0.8197, total_Loss: 0.0732, test_loss 0.951201, test_acc: 80.9502
tensor([ 3., 30., 48.,  5.,  7., 55., 41., 15., 22., 42., 31., 44., 53., 37.,
        20., 35., 17., 34., 24.,  6., 48.,  1.,  6., 14., 48., 64., 11., 30.,
        20., 45., 20., 32.])
Accuracy = 80.93% -> 80.95%

[ 3 30 48  5  7 55 49 31 22 42 31 44 40 37 20 35 17 34 24  6 48  1 49 14
 48 64 11 30 20 45 20 32]
len of dataloader 136
Epoch: [26/80], cls_loss: 0.0915, transfer_loss: -0.8281, total_Loss: 0.0516, test_loss 0.952016, test_acc: 81.1338
tensor([43., 35., 42.,  1., 58., 47., 30., 58., 19., 48., 55., 56.,  2., 22.,
         3., 51., 63., 46., 27., 30., 12., 64., 15., 48., 58., 50., 27., 42.,
        61.,  7., 58., 37.])
Accuracy = 80.91% -> 80.95%

[49 35 42  1 34 12 30 34 19 48  5 56  2 22  3 51 63 46 27 30 32 64 59 48
 52 50 27 42 61  7 58 37]
len of dataloader 136
Epoch: [27/80], cls_loss: 0.0892, transfer_loss: -0.8219, total_Loss: 0.0457, test_loss 0.967214, test_acc: 81.0191
tensor([19., 50., 11., 17.,  2., 52., 42., 51., 57., 54.,  5., 35., 38., 45.,
        13., 61.,  1., 50.,  4., 57., 32., 63.,  0.,  4., 59., 35., 21., 43.,
        12., 63., 55., 59.])
Accuracy = 80.84% -> 80.93%

[19 50 38 17  2 52 42 51 57 54 55 35 11 45  3 61  1 50  4 24 32 63  0  4
 10 35 57 43 32  6 55 59]
len of dataloader 136
Epoch: [28/80], cls_loss: 0.0834, transfer_loss: -0.8337, total_Loss: 0.0187, test_loss 0.985282, test_acc: 81.0191
tensor([30., 54.,  9., 52., 54., 55., 28.,  4., 34., 54., 15., 61.,  6., 35.,
        20., 46.,  0., 19., 51., 31., 25.,  3., 18.,  3.,  2., 30., 38.,  2.,
        14.,  3., 28., 27.])
Accuracy = 80.81% -> 80.93%

[51 54  9 11 54 55 28  4 34 54 15  2 55 35 20 21  0 19 51 31 25  3 18 45
  2 30 38  2 14  3 37 27]
len of dataloader 136
Epoch: [29/80], cls_loss: 0.0751, transfer_loss: -0.8311, total_Loss: -0.0008, test_loss 1.015867, test_acc: 81.1568
tensor([11., 41., 23.,  9., 50., 60., 34., 56., 60., 58., 12., 61., 11., 52.,
        11., 53., 23., 27., 31., 63., 32., 42., 11., 24., 10., 15., 60., 27.,
        25., 42., 23., 58.])
Accuracy = 80.88% -> 80.93%

[33 41 23  9 50  7 58 56 60 58 32 51 38 52 11 52 23 27 31  6 32 42 11 24
 10 15 60 31 25 42 44 34]
len of dataloader 136
Epoch: [30/80], cls_loss: 0.0758, transfer_loss: -0.8315, total_Loss: -0.0059, test_loss 1.007449, test_acc: 81.0879
tensor([ 0., 37., 16., 26., 60., 61., 60., 52., 31., 17., 54., 43., 34.,  9.,
         7., 18.,  8., 48., 22., 56., 32., 44., 47.,  6., 27., 28., 47., 50.,
         9., 21., 59., 50.])
Accuracy = 81.09% -> 81.00%

[ 0 37 16 26  7 61  7 52 31 17 54 43 58  9  7 18  8 48 22 56 32 44 18  6
 27 28 47 50  9 21  3 50]
len of dataloader 136
Epoch: [31/80], cls_loss: 0.0684, transfer_loss: -0.8373, total_Loss: -0.0366, test_loss 1.042046, test_acc: 81.0191
tensor([21., 58., 20., 50., 60., 48., 38., 42., 15., 56.,  2., 42., 33.,  5.,
         7., 57., 23., 52., 47., 50., 18., 19., 22., 22., 11., 55., 21., 47.,
        39., 44., 47., 44.])
Accuracy = 81.09% -> 81.04%

[21 58 20 50 60 48 11 42 15 56  2 42 41 55  7 57 23 52 47 50 18 34 22 22
 11 55 21 47 40 44  0 44]
len of dataloader 136
Epoch: [32/80], cls_loss: 0.0708, transfer_loss: -0.8368, total_Loss: -0.0293, test_loss 1.053376, test_acc: 81.0420
tensor([60., 61.,  0., 13., 38.,  0., 10.,  2., 43.,  3., 29., 54., 16., 44.,
        60., 47., 63., 58., 57., 16., 10., 42., 46., 51., 60.,  8., 30., 62.,
        11.,  6.,  6., 60.])
Accuracy = 81.14% -> 81.11%

[60 61  0 13 11 18 10  2 43 59 29 54 16 44 15 47 20 34 57 51 10 42 46 51
 60  8 30 27 33  6  6  7]
len of dataloader 136
Epoch: [33/80], cls_loss: 0.0650, transfer_loss: -0.8406, total_Loss: -0.0531, test_loss 1.044930, test_acc: 81.1797
tensor([53., 49., 43., 61., 45., 54., 46.,  1., 31.,  0.,  9., 62., 37., 32.,
        54., 23., 63., 15.,  7., 62., 39., 62., 25., 60., 29., 30., 25., 28.,
        51., 10.,  3., 49.])
Accuracy = 81.04% -> 81.04%

[53 49 43 54 45 54 61  1 31  0  9 62 37 32 54 44 63 15  7  2  6 62 25 60
 29 30 25 31 42 10  3 49]
len of dataloader 136
Epoch: [34/80], cls_loss: 0.0600, transfer_loss: -0.8390, total_Loss: -0.0682, test_loss 1.077444, test_acc: 81.2486
tensor([10.,  9., 40.,  8., 50.,  7.,  2., 42., 46., 28., 11., 24., 14., 15.,
        39., 61., 55., 28., 16., 48., 34., 38., 52.,  7., 47., 19., 62., 59.,
        58., 58., 41., 45.])
Accuracy = 81.14% -> 81.11%

[10 37 40  8 50  7  2 33 46 28 23 24 14 15 58 61 55  6 26 48 34 44 52  7
 47 53 62 59 34 34 41 45]
len of dataloader 136
Epoch: [35/80], cls_loss: 0.0628, transfer_loss: -0.8342, total_Loss: -0.0651, test_loss 1.075190, test_acc: 81.2256
tensor([57., 57.,  8.,  1., 36., 40.,  1., 57., 49., 17., 53., 24., 50., 36.,
        28., 27., 14., 47., 44.,  1.,  0., 15., 23., 46., 55., 49., 61., 58.,
        63., 31., 15., 31.])
Accuracy = 81.09% -> 81.02%

[57 57  8  1 36 40  1 57 49 43 53 24 50 36 28 27 14 47 44  1  0 32 44 46
 55 49 24 34 63 31 45 31]
len of dataloader 136
Epoch: [36/80], cls_loss: 0.0584, transfer_loss: -0.8468, total_Loss: -0.1076, test_loss 1.086562, test_acc: 81.3404
tensor([ 2., 51., 22., 59., 44., 58., 52.,  5., 19., 61., 21., 10., 36., 59.,
        56., 28., 34., 59., 42., 15., 15., 52., 61.,  4., 64., 52., 44.,  6.,
        22., 35., 60., 30.])
Accuracy = 81.02% -> 81.09%

[ 2 42 22 10 33 58 52  5 19 54 21 10 36 59 56 28 34 59 42 15 16 52 15  4
 64 52 44  6 22 35 60 30]
len of dataloader 136
Epoch: [37/80], cls_loss: 0.0566, transfer_loss: -0.8494, total_Loss: -0.1159, test_loss 1.089628, test_acc: 81.2256
tensor([ 7.,  1., 38., 61., 13.,  5., 10., 32., 55., 11., 23., 54., 10., 55.,
         1., 47., 25., 19.,  3., 56., 60.,  5.,  9.,  1.,  1., 22., 47., 51.,
        45., 22.,  3., 35.])
Accuracy = 81.20% -> 81.25%

[ 7  1 42 61 13  5 10 32 55 53 23 54 10 55  1 47 25 19  3 56  7  5  9  1
  1 22 47 51 45 22  3 35]
len of dataloader 136
Epoch: [38/80], cls_loss: 0.0540, transfer_loss: -0.8497, total_Loss: -0.1177, test_loss 1.105590, test_acc: 81.3174
tensor([41., 31., 20., 36.,  0., 57., 62., 53., 17., 63., 50., 29., 60., 44.,
         2., 54., 41.,  8., 44., 30.,  9., 58., 43., 39., 49., 37.,  6., 23.,
        49., 54.,  2., 37.])
Accuracy = 81.14% -> 81.14%

[41 31 49 36  0 46 62 53 17 63 50 29 60 33  2 54 53  8 38 30  9 34 19 47
 49 37  6 23 49 54  2 37]
len of dataloader 136
Epoch: [39/80], cls_loss: 0.0541, transfer_loss: -0.8487, total_Loss: -0.1308, test_loss 1.120407, test_acc: 81.2256
tensor([ 5., 38.,  6., 31., 17.,  4., 44., 56., 27., 36., 48.,  6., 61., 59.,
        56., 21., 61., 49., 35., 37., 13., 22.,  3., 34., 56., 52., 58., 47.,
        58.,  2., 26., 39.])
Accuracy = 81.09% -> 81.07%

[55 38 40 31 43  4 23 56 27 36 48  6 61  3 56 21 61  8 35 37 13 22 45 34
 56  5 58 47 53  2 26 39]
len of dataloader 136
Epoch: [40/80], cls_loss: 0.0514, transfer_loss: -0.8494, total_Loss: -0.1435, test_loss 1.118904, test_acc: 81.2027
tensor([42., 53., 12., 53., 25., 19., 57., 54., 37., 13., 51., 50.,  2., 20.,
        50., 60.,  9., 30., 17., 14., 20., 53., 10., 47., 17.,  9., 58., 38.,
        52., 52., 36., 18.])
Accuracy = 81.20% -> 81.16%

[42 53 12 53 25 19 57 54 37 13 51 50 33  6 50  7  9 30 17 14 20 53 59 47
 44  9 58 42 11 52 36 18]
len of dataloader 136
Epoch: [41/80], cls_loss: 0.0525, transfer_loss: -0.8475, total_Loss: -0.1505, test_loss 1.122919, test_acc: 81.2486
tensor([10., 38., 11., 11., 30., 35., 38., 19., 32.,  9.,  4.,  4., 29., 47.,
         4., 34., 21., 28.,  9., 47., 31., 58., 48., 17., 30., 32., 59., 64.,
        42., 29., 29., 44.])
Accuracy = 81.09% -> 81.07%

[35 38 52 59 30 35 42 19 32  9  4  4 29 47  4 34 21 28  9  1 31 34 39 43
 30 32 59 64 42 29 29 44]
len of dataloader 136
Epoch: [42/80], cls_loss: 0.0509, transfer_loss: -0.8515, total_Loss: -0.1608, test_loss 1.127800, test_acc: 81.2027
tensor([14., 31., 41.,  4., 29., 49., 30., 30., 62.,  7., 54., 32., 34., 52.,
        34., 10., 57.,  9.,  1., 27., 15., 18., 23., 50., 64., 48., 50.,  4.,
        32., 52., 19., 60.])
Accuracy = 81.11% -> 81.11%

[14 31 41  4 29 49 30 30 50  7 54 32 34 52 34 10 57  9  1 27 15 18 23 50
 64 48 50  4 32 52 19 15]
len of dataloader 136
Epoch: [43/80], cls_loss: 0.0457, transfer_loss: -0.8508, total_Loss: -0.1772, test_loss 1.145063, test_acc: 81.2027
tensor([13., 22., 61., 30.,  1., 29., 64., 32., 28., 56., 25., 64.,  5., 15.,
        52., 50.,  4., 20., 12., 30., 20., 10., 46., 22.,  7., 24., 63., 51.,
         5., 30., 28., 29.])
Accuracy = 81.11% -> 81.11%

[13 22  0 30  1 29 64 32 28 56 25 64  5 15 52 50  4 20 32 30 20 10 46 22
  7 24 63 51 55 30 28 29]
len of dataloader 136
Epoch: [44/80], cls_loss: 0.0459, transfer_loss: -0.8474, total_Loss: -0.1769, test_loss 1.133156, test_acc: 81.2027
tensor([10., 31., 10., 21., 53., 59., 48., 32., 51., 31., 12.,  1., 41., 56.,
        21., 52., 58., 53., 42., 28., 60., 10.,  3., 42., 48., 49., 48., 42.,
        33., 62., 24., 18.])
Accuracy = 81.09% -> 81.09%

[10 31 10 21 53 59 48 32 51 63 32 27 41 56 21 53 59 53 42 28 60 10  3 43
 48 49 48 43  2 37 24 18]
len of dataloader 136
Epoch: [45/80], cls_loss: 0.0449, transfer_loss: -0.8531, total_Loss: -0.1964, test_loss 1.167925, test_acc: 81.1109
tensor([53.,  9., 20., 43., 32., 62., 60., 36., 62., 12.,  1., 40., 30., 39.,
         4., 27., 44.,  9., 18., 52., 42., 16., 55.,  3., 18., 31., 17., 43.,
        63., 59., 59., 62.])
Accuracy = 81.09% -> 81.07%

[53  9 49 42 32 38 60 36 62 12  1 40 30 47  4 27 44  9 18 52 42 16  2  3
 18 31 44 43 63 59 10 62]
len of dataloader 136
Epoch: [46/80], cls_loss: 0.0500, transfer_loss: -0.8492, total_Loss: -0.1909, test_loss 1.158063, test_acc: 81.1568
tensor([38., 24., 19., 36., 18., 46., 19., 51., 52.,  6., 22., 58., 29., 13.,
        28., 12., 26., 47., 18., 20., 23.,  2., 64., 14., 47., 17., 63., 42.,
        60., 30., 36.,  9.])
Accuracy = 81.04% -> 81.07%

[23 30 19 36 18 61 19 51 52  6 22 34 29 13 41 12 26 47 18 20 44  2 64 38
 47 17 63 42 60 30 36  9]
len of dataloader 136
Epoch: [47/80], cls_loss: 0.0409, transfer_loss: -0.8510, total_Loss: -0.2097, test_loss 1.157570, test_acc: 81.1338
tensor([11., 18., 44., 50.,  5., 43., 10., 63., 18., 53., 28., 42., 55., 52.,
        19., 38., 13., 63.,  2., 47.,  7.,  1., 50.,  6., 54., 28.,  0.,  8.,
        30., 57., 18.,  0.])
Accuracy = 81.09% -> 81.09%

[11 18 44 50  5 43 10 63 18 53 28 42 55 52 19 11 13 63  2 47  7  1 50  6
 54 28  0  8 30 24 18  0]
len of dataloader 136
Epoch: [48/80], cls_loss: 0.0409, transfer_loss: -0.8538, total_Loss: -0.2241, test_loss 1.190062, test_acc: 81.2027
tensor([60., 36., 15., 20., 39., 13., 61., 54., 31., 21.,  4.,  0., 61., 24.,
        31., 17., 25., 42., 43.,  7., 18., 55., 62., 54., 64., 24., 20., 38.,
        16., 12., 39.,  1.])
Accuracy = 81.07% -> 81.04%

[60 36 52 20 39 13  0 54 31 21  4  0 61 15 31 42 25 42 43  7 18 64 62 54
 64 24 20 43 16 12 18  1]
len of dataloader 136
Epoch: [49/80], cls_loss: 0.0415, transfer_loss: -0.8527, total_Loss: -0.2318, test_loss 1.178070, test_acc: 81.1797
tensor([15.,  5.,  9.,  6.,  0., 60.,  2., 34., 34., 23., 34., 25., 21., 25.,
        34., 46., 27., 37., 14., 21.,  1., 10., 59., 43., 15., 52.,  1., 62.,
        39., 47., 43., 62.])
Accuracy = 81.09% -> 81.11%

[36  5  9  6 18 60  2 12 34 41 39 25 21 25 34 46 27 37 14 33  1 10 15 42
 52 52  1 37 58 47 43 62]
len of dataloader 136
Epoch: [50/80], cls_loss: 0.0408, transfer_loss: -0.8629, total_Loss: -0.2577, test_loss 1.201514, test_acc: 81.1797
tensor([51., 52., 11., 62., 15.,  5., 37., 50., 52., 54., 47., 36., 19., 47.,
         4.,  7., 36., 46., 39., 37., 52., 38., 34.,  7., 10., 29., 48., 48.,
        21., 28.,  4., 22.])
Accuracy = 81.18% -> 81.20%

[26 52 52 62 10  5  6 50 10 54 47 36 43 47  4  7 36 46 58 37 52 38 58  7
 10 29 48 48 33 37  4 22]
len of dataloader 136
Epoch: [51/80], cls_loss: 0.0386, transfer_loss: -0.8426, total_Loss: -0.2362, test_loss 1.179769, test_acc: 81.1568
tensor([53., 43., 29., 27., 10., 18.,  3., 27., 34., 19., 63., 31., 56., 54.,
         0.,  5.,  3., 15., 57.,  4., 46., 34., 37.,  3., 23., 41., 28., 14.,
        27.,  9., 46., 18.])
Accuracy = 81.18% -> 81.18%

[53 42 29 27 10 18  3 27 34 19 63 31 56 54  0 55 45 15 24  4 46 34 37  3
 23 15 28 14 27  9 46 18]
len of dataloader 136
Epoch: [52/80], cls_loss: 0.0419, transfer_loss: -0.8554, total_Loss: -0.2559, test_loss 1.209431, test_acc: 81.1568
tensor([60.,  9., 45., 53., 53., 45.,  1.,  7.,  1., 50., 40., 27., 39., 54.,
        17., 44., 36., 10., 18., 54., 44., 11., 28.,  4., 63., 46., 27., 44.,
        49., 60., 61.,  1.])
Accuracy = 81.07% -> 81.07%

[60  9 45 53 53 45  1  7  1 50 40 27 58 54 17 44 36 10 18 54 44 38 28  4
 63 51 27 44 49 60 61  1]
len of dataloader 136
Epoch: [53/80], cls_loss: 0.0374, transfer_loss: -0.8532, total_Loss: -0.2652, test_loss 1.227876, test_acc: 81.1568
tensor([40., 51.,  6.,  9., 39., 53., 54., 47.,  9., 63.,  8., 44., 43., 25.,
        48., 31., 22., 57.,  9., 52., 35.,  5.,  0., 30., 12., 19., 62., 42.,
        14., 48.,  6.,  7.])
Accuracy = 81.11% -> 81.09%

[40 42  6  9 47 53 54 47  9 63  8 44 42 25 48 31 22 57  9 52 35  5  0 30
 32 19 62 42 14 48  6  7]
len of dataloader 136
Epoch: [54/80], cls_loss: 0.0378, transfer_loss: -0.8537, total_Loss: -0.2784, test_loss 1.199470, test_acc: 81.1109
tensor([47., 21., 46., 17., 29., 56.,  1., 33., 60., 45., 34., 56., 43., 46.,
         4., 41., 21.,  3., 51., 14., 31., 20.,  2., 14., 50., 25., 52., 30.,
        10.,  3., 26., 63.])
Accuracy = 81.11% -> 81.14%

[47 21 46 43 29 56  1 42 56 45 34 63 43 46  4 41 21  3 42 14 31 20  2 14
 50 25  2 30 10 52 26 63]
len of dataloader 136
Epoch: [55/80], cls_loss: 0.0392, transfer_loss: -0.8539, total_Loss: -0.2734, test_loss 1.207228, test_acc: 81.1568
tensor([43., 19.,  8.,  7., 25., 49.,  2., 38., 16., 54., 37., 61., 46.,  5.,
        18., 28.,  3.,  4., 63., 37., 54.,  1., 31., 30., 30.,  2.,  6., 22.,
        38., 46., 61., 62.])
Accuracy = 81.18% -> 81.18%

[43 19  8  7 25 43  2  8 16 54 37 61 46  5 18 28  3  4 63 37 54  1 31 30
 30  2  6 22 11 46 61 62]
len of dataloader 136
Epoch: [56/80], cls_loss: 0.0380, transfer_loss: -0.8581, total_Loss: -0.2907, test_loss 1.223416, test_acc: 81.1338
tensor([23., 19., 34., 61., 43.,  1., 55.,  0., 57., 34.,  6., 42., 60., 10.,
        11., 57., 63., 16., 21., 61., 55., 34., 40., 62., 31., 36., 55., 20.,
        61., 46., 10., 49.])
Accuracy = 81.18% -> 81.20%

[23 19 34 61 43 45 55 47 57 32  6 42 60 10 33 57 63 16 19 43 55 34 40 27
 31 36 55 20 61 51 10 49]
len of dataloader 136
Epoch: [57/80], cls_loss: 0.0368, transfer_loss: -0.8579, total_Loss: -0.2993, test_loss 1.204582, test_acc: 81.1797
tensor([31.,  4., 14., 12., 47.,  1.,  0.,  0., 63., 53., 31., 52., 42., 10.,
        60., 11., 63., 36.,  9.,  1., 14., 28., 56., 11., 42., 60., 44., 60.,
        32., 42., 11., 34.])
Accuracy = 81.14% -> 81.14%

[31  4 14 12 47  1  0  0 63 53 31 52 42 10 60 11 63 36  9  1 14 28 45 23
 42 15 23  7 32 42 11 34]
len of dataloader 136
Epoch: [58/80], cls_loss: 0.0406, transfer_loss: -0.8576, total_Loss: -0.3041, test_loss 1.213097, test_acc: 81.1568
tensor([13., 58., 23., 43., 55., 55., 19., 60., 41.,  4.,  4., 36., 29., 11.,
        17., 53., 52., 14., 50.,  9., 27.,  4., 64., 50., 59., 60., 13., 44.,
        17., 56., 10.,  4.])
Accuracy = 81.11% -> 81.14%

[13 58 23 11 55 55 19  7 41  4  4 36 29 11 42 20 52 14 42  9 27  4 64 50
 59  7 13 44 17 56 10  4]
len of dataloader 136
Epoch: [59/80], cls_loss: 0.0360, transfer_loss: -0.8570, total_Loss: -0.3148, test_loss 1.219998, test_acc: 81.1797
tensor([43.,  9., 36., 48., 12., 23., 55.,  6., 57., 43., 61., 19., 57., 55.,
        48., 10.,  6., 13., 31., 46., 60., 41., 22.,  0., 29., 62., 40., 59.,
        41.,  5., 43.,  9.])
Accuracy = 81.11% -> 81.11%

[43  9 36 48 12 23 55  6 24 43 61 19 57 55 48 13  6  3 31 44 60 41 22  0
 29 62 39 59 41 55 33  9]
len of dataloader 136
Epoch: [60/80], cls_loss: 0.0361, transfer_loss: -0.8489, total_Loss: -0.3100, test_loss 1.231783, test_acc: 81.1109
tensor([29., 47., 49.,  1.,  9., 13., 19., 45.,  5., 34., 56., 55., 14., 39.,
        39., 49., 56., 57., 36., 22.,  1., 59., 30., 21., 56.,  0., 38., 46.,
         9.,  3., 10.,  3.])
Accuracy = 81.14% -> 81.16%

[29 47 49  1  9 13 19 45  5 12 63 55 14 39 39 49 56 57 36 22  1 59 30 21
 56  0 38 46  9  3 10 45]
len of dataloader 136
Epoch: [61/80], cls_loss: 0.0348, transfer_loss: -0.8540, total_Loss: -0.3223, test_loss  nan, test_acc: 81.1797
tensor([19., 34., 15., 34., 28., 48., 32.,  0., 57., 35., 45., 52., 31., 61.,
         9., 61., 23., 30., 43., 47., 60., 38.,  5.,  7., 52., 49., 13.,  2.,
        30., 40., 54.,  9.])
Accuracy = 81.09% -> 81.09%

[19 34 31 12 28 48 32  0 57 35 45 52 31 61  9 61 23 30 43 47 60 11  5  7
 52 49 13  2 51 40 54 23]
len of dataloader 136
Epoch: [62/80], cls_loss: 0.0350, transfer_loss: -0.8564, total_Loss: -0.3268, test_loss  nan, test_acc: 81.1338
tensor([ 1.,  6., 44., 51., 19., 45., 54., 57., 11., 60.,  0., 31., 11.,  7.,
        20., 30.,  7., 51., 23., 55., 23., 32., 54., 41., 45., 57.,  5., 11.,
        53.,  9., 55., 49.])
Accuracy = 81.09% -> 1.98%

[0 0 0 0 0 0 0 0 0 0 0 0 0 0 0 0 0 0 0 0 0 0 0 0 0 0 0 0 0 0 0 0]
len of dataloader 136
Epoch: [63/80], cls_loss: 0.5578, transfer_loss: -0.6209, total_Loss: 3.2698, test_loss 1.789853, test_acc: 48.9557
tensor([11.,  1., 43., 15., 14., 54., 38., 27., 32., 50., 28., 62., 22.,  7.,
        53., 54.,  6.,  4., 50.,  1., 26., 26.,  5., 59., 36., 25., 44., 28.,
         1., 21., 48., 16.])
Accuracy = 50.34% -> 80.91%

[38  1 33 15 14 54 38 27 32 50 28 62 22  7 53 54  6  4 50  1 26 26  5 59
 36 25 33 28  1 21 48 42]
len of dataloader 136
Epoch: [64/80], cls_loss: 0.0890, transfer_loss: -0.8004, total_Loss: -0.0753, test_loss 1.174659, test_acc: 81.1338
tensor([19., 35., 16., 64., 41., 39., 42., 28., 32., 14., 38., 12., 59., 32.,
        39., 55., 26., 27., 61., 26., 56., 21., 59., 37.,  1.,  4., 56., 20.,
        64., 21., 57., 13.])
Accuracy = 81.09% -> 80.91%

[19 35 16 64 15 47 42 28 32 14 11 12 10 32 39 55 26 27 61 26 56 21 59 37
  1  4 56 20 64 21 57 13]
len of dataloader 136
Epoch: [65/80], cls_loss: 0.0371, transfer_loss: -0.8475, total_Loss: -0.3116, test_loss 1.178371, test_acc: 81.0191
tensor([ 1., 18., 63.,  9., 23., 59., 40.,  0., 22., 55., 22., 53.,  5., 30.,
        41., 44.,  7.,  1.,  1.,  4., 20., 55., 42., 54., 25., 35.,  8.,  1.,
        57., 61., 27., 25.])
Accuracy = 81.00% -> 80.88%

[ 1 18 63  9 23 59 40  0 22 55 22 53 55 36 41 44  7  1 27  4 20 40 42 54
 25 35  8  1 57 51 27 25]
len of dataloader 136
Epoch: [66/80], cls_loss: 0.0353, transfer_loss: -0.8536, total_Loss: -0.3467, test_loss 1.191248, test_acc: 80.9272
tensor([41.,  1., 61., 56., 50., 60., 34., 27., 55.,  8., 47., 54.,  0., 10.,
        60., 39., 41., 62.,  0., 60., 29., 63., 18.,  1.,  6.,  7., 42., 58.,
        54., 57., 47., 27.])
Accuracy = 80.91% -> 80.88%

[23  1  6 56 50  7 32 27 55  8 47 54 64 10 60 39 41 62  0 60  7 63 18  1
  6  7 42 58 54 57 47 27]
len of dataloader 136
Epoch: [67/80], cls_loss: 0.0341, transfer_loss: -0.8456, total_Loss: -0.3245, test_loss 1.230343, test_acc: 80.9272
tensor([48., 62., 59., 12., 52., 44., 30., 48., 12., 12., 60., 41., 42.,  4.,
        61., 18., 59.,  9., 41., 36., 14., 15., 62., 60.,  4., 39., 10., 43.,
        54.,  0., 39.,  1.])
Accuracy = 80.84% -> 80.84%

[48 62 59 29 52 10 30 48 12 29 60 41 42  4 61 18 59  9 41 36 14 15 46 60
  4  9 10 42 54 18 40  1]
len of dataloader 136
Epoch: [68/80], cls_loss: 0.0313, transfer_loss: -0.8556, total_Loss: -0.3587, test_loss 1.201719, test_acc: 80.8813
tensor([18., 43., 21.,  0., 39., 16., 34., 41., 60., 10., 64., 33., 37., 61.,
        12., 10., 20., 53., 24.,  1., 18., 58., 32., 26., 19., 20., 45., 55.,
        44., 10., 51., 17.])
Accuracy = 80.84% -> 80.81%

[18 33 21 56 58 26 34 53 60 10 64 43 37 61 12 10 20 53 24  1 18 34 32 26
 19 20 45 55 38 10 51 41]
len of dataloader 136
Epoch: [69/80], cls_loss: 0.0353, transfer_loss: -0.8570, total_Loss: -0.3598, test_loss 1.233478, test_acc: 80.8813
tensor([62.,  1.,  3., 54.,  0., 24., 22., 55., 10.,  4., 34., 10., 63., 62.,
         1., 64., 15., 10., 29., 11., 34., 29., 25., 17., 58.,  6., 39., 18.,
        59., 55., 55., 43.])
Accuracy = 80.86% -> 80.86%

[55  1  3 54  0 24 22 55 10  4 34 15 63 62  1 64 15 10 29 23 34 29 25 43
 34  6 39 18 59 55 55 43]
len of dataloader 136
Epoch: [70/80], cls_loss: 0.0346, transfer_loss: -0.8602, total_Loss: -0.3731, test_loss 1.241043, test_acc: 80.9272
tensor([ 6., 10., 53., 43., 22., 45., 20., 57., 21., 43., 53., 14., 21., 59.,
        38.,  9., 52., 25., 44., 36.,  4., 24., 38., 60., 15., 58.,  9.,  0.,
         4.,  3., 34., 63.])
Accuracy = 80.74% -> 80.77%

[ 6 10 53 26 22 45 20 57 21 43 53 14 21 13 38  9 52 25 23 36  4 24 11 60
 15 58  9  0  4  3 34 63]
len of dataloader 136
Epoch: [71/80], cls_loss: 0.0289, transfer_loss: -0.8548, total_Loss: -0.3854, test_loss 1.209691, test_acc: 80.8354
tensor([ 9., 22., 52.,  1., 27.,  7., 48., 31., 32.,  8., 41.,  0., 15., 43.,
        10., 19., 44., 17., 25., 41., 37., 59., 48., 54., 19., 38., 17., 25.,
        22., 49.,  1., 56.])
Accuracy = 80.88% -> 80.84%

[ 9 22 52  1 21 29 48  6 32  8 41  0 15 43 10 19 44 17 25 41 37 59 48 54
 19 38 17 25 22 49  1 56]
len of dataloader 136
Epoch: [72/80], cls_loss: 0.0342, transfer_loss: -0.8594, total_Loss: -0.3856, test_loss 1.235302, test_acc: 80.8354
tensor([20., 61., 39., 44., 21., 59., 53., 36., 38., 21., 51.,  4.,  0., 18.,
        63., 13., 34., 39., 22.,  1., 50., 50., 60., 54., 53.,  9., 61., 60.,
        53., 31., 41., 36.])
Accuracy = 80.79% -> 80.79%

[20 42 39 33 21 59 53 36 23 21 42  4 18 18 63 13 34 47 22  1 50 41 60 54
 53  5 61 60 53 31 41 36]
len of dataloader 136
Epoch: [73/80], cls_loss: 0.0334, transfer_loss: -0.8610, total_Loss: -0.4000, test_loss 1.254815, test_acc: 80.8125
tensor([ 7., 12.,  1., 55., 28., 26., 20., 46., 64., 42., 26.,  6.,  1., 50.,
        27., 63., 14., 50., 51., 48., 43.,  0., 53., 44.,  7., 56., 38., 45.,
        12., 63., 52., 21.])
Accuracy = 80.70% -> 80.72%

[ 7 12  1 55 28 26 52 51 64 42 26  6  1 50 27 63 14 50 51 48 43  0 53 10
  7 56 11 45 12 63 59 21]
len of dataloader 136
Epoch: [74/80], cls_loss: 0.0299, transfer_loss: -0.8546, total_Loss: -0.3903, test_loss 1.248614, test_acc: 80.8125
tensor([57., 37., 50., 22., 54., 32., 10., 10., 53., 30., 24., 24., 47.,  1.,
        22., 17., 31., 10., 41., 58., 20., 43.,  7., 11., 37., 59.,  2., 28.,
        28., 13., 48.,  9.])
Accuracy = 80.79% -> 80.77%

[46 37 50 22 54 32 10 13 53 30 24 24 47  1 22  2 31 10 25 58 20 43  7 38
 37 59  2 41 28 13 39  9]
len of dataloader 136
Epoch: [75/80], cls_loss: 0.0316, transfer_loss: -0.8547, total_Loss: -0.3993, test_loss 1.224769, test_acc: 80.8125
tensor([31., 20., 52.,  3., 39., 33.,  2., 54., 25., 35., 56., 32., 23., 13.,
        10., 45., 26., 10.,  2., 63., 47., 52., 42.,  5., 47., 62., 40., 54.,
        21., 10., 10., 54.])
Accuracy = 80.84% -> 80.84%

[31 20 33 52 39 42  2 54 64 35 56 32 23 13 10 45 26 10  2 63 56 52 42  5
 47 62 40 54 21 10 10 54]
len of dataloader 136
Epoch: [76/80], cls_loss: 0.0324, transfer_loss: -0.8672, total_Loss: -0.4251, test_loss 1.263668, test_acc: 80.8354
tensor([51., 18., 54., 41.,  9.,  2., 62., 36., 28., 44.,  6., 26.,  6., 52.,
        63.,  4., 36., 63.,  5.,  4.,  2., 26.,  3., 48., 30.,  3.,  8., 39.,
         1., 40., 59., 63.])
Accuracy = 80.86% -> 80.84%

[51 18 21 41  9  2 62 36 41 44  6 30  6 40 63  4 45 63  5  4  2 26 52 48
 30 13  8 52  1 40 59 63]
len of dataloader 136
Epoch: [77/80], cls_loss: 0.0272, transfer_loss: -0.8565, total_Loss: -0.4085, test_loss 1.256762, test_acc: 80.8584
tensor([ 2., 10., 29., 16., 39., 52., 60.,  1.,  1., 43.,  7., 44., 10., 35.,
        31.,  2., 53., 21., 28., 10., 35., 25., 48., 38., 16., 48., 61., 63.,
        23., 25., 22.,  9.])
Accuracy = 80.84% -> 80.84%

[ 2 10  7 16 39 52 29  1  1 43  7 44 10 35 31  2 53 21 28 46 35 25 48 42
 51 48 61 63 38 25 22  9]
len of dataloader 136
Epoch: [78/80], cls_loss: 0.0329, transfer_loss: -0.8545, total_Loss: -0.4081, test_loss 1.267939, test_acc: 80.8584
tensor([54.,  2., 49., 25.,  3.,  2., 38., 12., 18., 44., 27.,  5.,  8., 56.,
         3., 50., 11., 13., 24., 44., 14.,  7., 48.,  4., 45.,  0., 42., 16.,
        16., 53., 52., 64.])
Accuracy = 80.81% -> 80.81%

[54  2 49 25  3  2  8 34 18  8 27  5  8 56 52 21 52 13 24  8 14  7 48  4
 45 47 42 16 26 53 52 64]
len of dataloader 136
Epoch: [79/80], cls_loss: 0.0284, transfer_loss: -0.8570, total_Loss: -0.4258, test_loss 1.262604, test_acc: 80.7666
tensor([18., 54., 59., 56., 14.,  7., 35., 50., 53., 12.,  3., 54., 56., 58.,
        56., 63., 60.,  0., 32., 30., 17., 17., 52., 17., 36., 61., 26., 49.,
        20.,  3., 29., 63.])
Accuracy = 80.81% -> 80.84%

[18 54 59 56 14  7 35 50 53 32  3 54 56 58 56 63 60  0 32 30 17 17 52 43
 36 61 26 49 20  3 29  6]
len of dataloader 136
Epoch: [80/80], cls_loss: 0.0293, transfer_loss: -0.8578, total_Loss: -0.4214, test_loss  nan, test_acc: 80.8125
Transfer result: 81.3404
